Inoculos_Lote,Fecha,Inoculos_Turbidez,Inoculos_Viabilidad,Cultivos_Lote,Cultivos_Turbidez,Cultivos_Viabilidad,Cultivos_Glucosa g/L,Centrifugacion_Lote,Centrifugacion_Turbidez,Centrifugacion_Viabilidad,Centrifugacion_Glucosa g/L
23040.0,2023-05-29 07:45:00,13.9,4300000.0,23040.0,13.92,4300000.0,1.25,23040.0,13.92,4300000.0,1.25
23040.0,2023-05-29 11:30:00,13.9,7570000.0,23040.0,13.92,7570000.0,1.38,23040.0,13.92,7570000.0,1.38
23040.0,2023-05-29 16:00:00,14.9,14700000.0,23040.0,14.88,14700000.0,1.44,23040.0,14.88,14700000.0,1.44
23040.0,2023-05-29 20:00:00,15.7,19300000.0,23040.0,15.68,19300000.0,1.51,23040.0,15.68,19300000.0,1.51
23040.0,2023-05-30 06:30:00,24.5,107000000.0,23040.0,24.48,107000000.0,1.38,23040.0,24.48,107000000.0,1.38
23040.0,2023-05-30 10:30:00,29.3,166000000.0,23040.0,29.28,166000000.0,1.42,23040.0,29.28,166000000.0,1.42
23040.0,2023-05-30 11:45:00,32.3,155000000.0,23040.0,32.32,155000000.0,1.34,23040.0,32.32,155000000.0,1.34
23041.0,2023-05-29 07:45:00,13.9,4300000.0,23040.0,13.92,4300000.0,1.25,23040.0,13.92,4300000.0,1.25
23041.0,2023-05-29 11:30:00,13.9,7570000.0,23040.0,13.92,7570000.0,1.38,23040.0,13.92,7570000.0,1.38
23041.0,2023-05-29 16:00:00,14.9,14700000.0,23040.0,14.88,14700000.0,1.44,23040.0,14.88,14700000.0,1.44
23041.0,2023-05-29 20:00:00,15.7,19300000.0,23040.0,15.68,19300000.0,1.51,23040.0,15.68,19300000.0,1.51
23041.0,2023-05-30 06:30:00,24.5,107000000.0,23040.0,24.48,107000000.0,1.38,23040.0,24.48,107000000.0,1.38
23041.0,2023-05-30 10:30:00,29.3,166000000.0,23040.0,29.28,166000000.0,1.42,23040.0,29.28,166000000.0,1.42
23041.0,2023-05-30 11:45:00,32.3,155000000.0,23040.0,32.32,155000000.0,1.34,23040.0,32.32,155000000.0,1.34
23042.0,2023-05-30 08:00:00,14.3,4920000.0,23041.0,15.6,6850000.0,1.66,23041.0,15.6,6850000.0,1.66
23042.0,2023-05-30 12:00:00,14.3,9790000.0,23041.0,16.08,11500000.0,1.65,23041.0,16.08,11500000.0,1.65
23042.0,2023-05-30 16:00:00,15.5,11500000.0,23041.0,16.88,17000000.0,1.66,23041.0,16.88,17000000.0,1.66
23042.0,2023-05-30 20:00:00,16.7,21400000.0,23041.0,18.24,23900000.0,1.68,23041.0,18.24,23900000.0,1.68
23043.0,2023-06-06 13:00:00,27.2,79300000.0,23044.0,14.88,2780000.0,2.11,23044.0,14.88,2780000.0,2.11
23043.0,2023-06-06 13:00:00,27.2,79300000.0,23044.0,14.88,2780000.0,2.11,23044.0,15.36,5200000.0,1.94
23043.0,2023-06-06 13:00:00,27.2,79300000.0,23044.0,15.36,5200000.0,1.94,23044.0,14.88,2780000.0,2.11
23043.0,2023-06-06 13:00:00,27.2,79300000.0,23044.0,15.36,5200000.0,1.94,23044.0,15.36,5200000.0,1.94
23043.0,2023-06-06 17:00:00,31.4,79500000.0,23044.0,15.44,5660000.0,1.96,23044.0,15.44,5660000.0,1.96
23046.0,2023-06-12 16:30:00,14.2,8910000.0,23043.0,17.92,11300000.0,2.11,23043.0,17.92,11300000.0,2.11
23046.0,2023-06-12 16:30:00,14.2,8910000.0,23043.0,17.92,11300000.0,2.11,23045.0,18.08,11500000.0,2.02
23046.0,2023-06-12 16:30:00,14.2,8910000.0,23045.0,18.08,11500000.0,2.02,23043.0,17.92,11300000.0,2.11
23046.0,2023-06-12 16:30:00,14.2,8910000.0,23045.0,18.08,11500000.0,2.02,23045.0,18.08,11500000.0,2.02
23046.0,2023-06-12 20:30:00,15.4,14900000.0,23043.0,19.84,17300000.0,2.02,23043.0,19.84,17300000.0,2.02
23046.0,2023-06-12 20:30:00,15.4,14900000.0,23043.0,19.84,17300000.0,2.02,23045.0,20.64,20300000.0,2.2
23046.0,2023-06-12 20:30:00,15.4,14900000.0,23045.0,20.64,20300000.0,2.2,23043.0,19.84,17300000.0,2.02
23046.0,2023-06-12 20:30:00,15.4,14900000.0,23045.0,20.64,20300000.0,2.2,23045.0,20.64,20300000.0,2.2
23047.0,2023-06-12 16:30:00,14.2,8910000.0,23043.0,17.92,11300000.0,2.11,23043.0,17.92,11300000.0,2.11
23047.0,2023-06-12 16:30:00,14.2,8910000.0,23043.0,17.92,11300000.0,2.11,23045.0,18.08,11500000.0,2.02
23047.0,2023-06-12 16:30:00,14.2,8910000.0,23045.0,18.08,11500000.0,2.02,23043.0,17.92,11300000.0,2.11
23047.0,2023-06-12 16:30:00,14.2,8910000.0,23045.0,18.08,11500000.0,2.02,23045.0,18.08,11500000.0,2.02
23047.0,2023-06-12 20:30:00,15.4,14900000.0,23043.0,19.84,17300000.0,2.02,23043.0,19.84,17300000.0,2.02
23047.0,2023-06-12 20:30:00,15.4,14900000.0,23043.0,19.84,17300000.0,2.02,23045.0,20.64,20300000.0,2.2
23047.0,2023-06-12 20:30:00,15.4,14900000.0,23045.0,20.64,20300000.0,2.2,23043.0,19.84,17300000.0,2.02
23047.0,2023-06-12 20:30:00,15.4,14900000.0,23045.0,20.64,20300000.0,2.2,23045.0,20.64,20300000.0,2.2
,2023-06-12 08:00:00,16.7,4750000.0,23043.0,16.24,4330000.0,2.34,23043.0,16.24,4330000.0,2.34
,2023-06-12 08:00:00,16.7,4750000.0,23043.0,16.24,4330000.0,2.34,23045.0,16.72,4750000.0,2.14
,2023-06-12 08:00:00,16.7,4750000.0,23045.0,16.72,4750000.0,2.14,23043.0,16.24,4330000.0,2.34
,2023-06-12 08:00:00,16.7,4750000.0,23045.0,16.72,4750000.0,2.14,23045.0,16.72,4750000.0,2.14
,2023-06-12 12:00:00,18.0,7510000.0,23043.0,16.4,6780000.0,2.33,23043.0,16.4,6780000.0,2.33
,2023-06-12 12:00:00,18.0,7510000.0,23043.0,16.4,6780000.0,2.33,23045.0,18.0,7510000.0,2.28
,2023-06-12 12:00:00,18.0,7510000.0,23045.0,18.0,7510000.0,2.28,23043.0,16.4,6780000.0,2.33
,2023-06-12 12:00:00,18.0,7510000.0,23045.0,18.0,7510000.0,2.28,23045.0,18.0,7510000.0,2.28
,2023-06-12 16:30:00,18.1,11500000.0,23043.0,17.92,11300000.0,2.11,23043.0,17.92,11300000.0,2.11
,2023-06-12 16:30:00,18.1,11500000.0,23043.0,17.92,11300000.0,2.11,23045.0,18.08,11500000.0,2.02
,2023-06-12 16:30:00,18.1,11500000.0,23045.0,18.08,11500000.0,2.02,23043.0,17.92,11300000.0,2.11
,2023-06-12 16:30:00,18.1,11500000.0,23045.0,18.08,11500000.0,2.02,23045.0,18.08,11500000.0,2.02
,2023-06-12 20:30:00,20.6,20300000.0,23043.0,19.84,17300000.0,2.02,23043.0,19.84,17300000.0,2.02
,2023-06-12 20:30:00,20.6,20300000.0,23043.0,19.84,17300000.0,2.02,23045.0,20.64,20300000.0,2.2
,2023-06-12 20:30:00,20.6,20300000.0,23045.0,20.64,20300000.0,2.2,23043.0,19.84,17300000.0,2.02
,2023-06-12 20:30:00,20.6,20300000.0,23045.0,20.64,20300000.0,2.2,23045.0,20.64,20300000.0,2.2
,2023-06-13 07:30:00,35.2,68300000.0,23043.0,30.48,51100000.0,2.14,23043.0,30.48,51100000.0,2.14
,2023-06-13 07:30:00,35.2,68300000.0,23043.0,30.48,51100000.0,2.14,23045.0,35.2,68300000.0,2.02
,2023-06-13 07:30:00,35.2,68300000.0,23045.0,35.2,68300000.0,2.02,23043.0,30.48,51100000.0,2.14
,2023-06-13 07:30:00,35.2,68300000.0,23045.0,35.2,68300000.0,2.02,23045.0,35.2,68300000.0,2.02
,2023-06-13 12:00:00,46.3,95700000.0,23043.0,37.36,68300000.0,1.97,23043.0,37.36,68300000.0,1.97
,2023-06-13 12:00:00,46.3,95700000.0,23043.0,37.36,68300000.0,1.97,23045.0,46.32,95700000.0,1.58
,2023-06-13 12:00:00,46.3,95700000.0,23043.0,37.36,68300000.0,1.97,23046.0,14.16,6820000.0,2.16
,2023-06-13 12:00:00,46.3,95700000.0,23043.0,37.36,68300000.0,1.97,23047.0,19.04,6240000.0,1.91
,2023-06-13 12:00:00,46.3,95700000.0,23045.0,46.32,95700000.0,1.58,23043.0,37.36,68300000.0,1.97
,2023-06-13 12:00:00,46.3,95700000.0,23045.0,46.32,95700000.0,1.58,23045.0,46.32,95700000.0,1.58
,2023-06-13 12:00:00,46.3,95700000.0,23045.0,46.32,95700000.0,1.58,23046.0,14.16,6820000.0,2.16
,2023-06-13 12:00:00,46.3,95700000.0,23045.0,46.32,95700000.0,1.58,23047.0,19.04,6240000.0,1.91
,2023-06-13 12:00:00,46.3,95700000.0,23046.0,14.16,6820000.0,2.16,23043.0,37.36,68300000.0,1.97
,2023-06-13 12:00:00,46.3,95700000.0,23046.0,14.16,6820000.0,2.16,23045.0,46.32,95700000.0,1.58
,2023-06-13 12:00:00,46.3,95700000.0,23046.0,14.16,6820000.0,2.16,23046.0,14.16,6820000.0,2.16
,2023-06-13 12:00:00,46.3,95700000.0,23046.0,14.16,6820000.0,2.16,23047.0,19.04,6240000.0,1.91
,2023-06-13 12:00:00,46.3,95700000.0,23047.0,19.04,6240000.0,1.91,23043.0,37.36,68300000.0,1.97
,2023-06-13 12:00:00,46.3,95700000.0,23047.0,19.04,6240000.0,1.91,23045.0,46.32,95700000.0,1.58
,2023-06-13 12:00:00,46.3,95700000.0,23047.0,19.04,6240000.0,1.91,23046.0,14.16,6820000.0,2.16
,2023-06-13 12:00:00,46.3,95700000.0,23047.0,19.04,6240000.0,1.91,23047.0,19.04,6240000.0,1.91
,2023-06-13 16:00:00,54.2,114000000.0,23043.0,44.32,78500000.0,1.58,23043.0,44.32,78500000.0,1.58
,2023-06-13 16:00:00,54.2,114000000.0,23043.0,44.32,78500000.0,1.58,23045.0,54.16,114000000.0,1.68
,2023-06-13 16:00:00,54.2,114000000.0,23043.0,44.32,78500000.0,1.58,23046.0,15.2,10700000.0,2.06
,2023-06-13 16:00:00,54.2,114000000.0,23043.0,44.32,78500000.0,1.58,23047.0,19.6,10800000.0,1.94
,2023-06-13 16:00:00,54.2,114000000.0,23045.0,54.16,114000000.0,1.68,23043.0,44.32,78500000.0,1.58
,2023-06-13 16:00:00,54.2,114000000.0,23045.0,54.16,114000000.0,1.68,23045.0,54.16,114000000.0,1.68
,2023-06-13 16:00:00,54.2,114000000.0,23045.0,54.16,114000000.0,1.68,23046.0,15.2,10700000.0,2.06
,2023-06-13 16:00:00,54.2,114000000.0,23045.0,54.16,114000000.0,1.68,23047.0,19.6,10800000.0,1.94
,2023-06-13 16:00:00,54.2,114000000.0,23046.0,15.2,10700000.0,2.06,23043.0,44.32,78500000.0,1.58
,2023-06-13 16:00:00,54.2,114000000.0,23046.0,15.2,10700000.0,2.06,23045.0,54.16,114000000.0,1.68
,2023-06-13 16:00:00,54.2,114000000.0,23046.0,15.2,10700000.0,2.06,23046.0,15.2,10700000.0,2.06
,2023-06-13 16:00:00,54.2,114000000.0,23046.0,15.2,10700000.0,2.06,23047.0,19.6,10800000.0,1.94
,2023-06-13 16:00:00,54.2,114000000.0,23047.0,19.6,10800000.0,1.94,23043.0,44.32,78500000.0,1.58
,2023-06-13 16:00:00,54.2,114000000.0,23047.0,19.6,10800000.0,1.94,23045.0,54.16,114000000.0,1.68
,2023-06-13 16:00:00,54.2,114000000.0,23047.0,19.6,10800000.0,1.94,23046.0,15.2,10700000.0,2.06
,2023-06-13 16:00:00,54.2,114000000.0,23047.0,19.6,10800000.0,1.94,23047.0,19.6,10800000.0,1.94
,2023-06-13 20:00:00,62.2,144000000.0,23043.0,50.72,67100000.0,1.39,23043.0,50.72,67100000.0,1.39
,2023-06-13 20:00:00,62.2,144000000.0,23043.0,50.72,67100000.0,1.39,23045.0,62.24,144000000.0,1.47
,2023-06-13 20:00:00,62.2,144000000.0,23043.0,50.72,67100000.0,1.39,23046.0,17.04,19600000.0,1.85
,2023-06-13 20:00:00,62.2,144000000.0,23043.0,50.72,67100000.0,1.39,23047.0,22.56,20500000.0,2.18
,2023-06-13 20:00:00,62.2,144000000.0,23045.0,62.24,144000000.0,1.47,23043.0,50.72,67100000.0,1.39
,2023-06-13 20:00:00,62.2,144000000.0,23045.0,62.24,144000000.0,1.47,23045.0,62.24,144000000.0,1.47
,2023-06-13 20:00:00,62.2,144000000.0,23045.0,62.24,144000000.0,1.47,23046.0,17.04,19600000.0,1.85
,2023-06-13 20:00:00,62.2,144000000.0,23045.0,62.24,144000000.0,1.47,23047.0,22.56,20500000.0,2.18
,2023-06-13 20:00:00,62.2,144000000.0,23046.0,17.04,19600000.0,1.85,23043.0,50.72,67100000.0,1.39
,2023-06-13 20:00:00,62.2,144000000.0,23046.0,17.04,19600000.0,1.85,23045.0,62.24,144000000.0,1.47
,2023-06-13 20:00:00,62.2,144000000.0,23046.0,17.04,19600000.0,1.85,23046.0,17.04,19600000.0,1.85
,2023-06-13 20:00:00,62.2,144000000.0,23046.0,17.04,19600000.0,1.85,23047.0,22.56,20500000.0,2.18
,2023-06-13 20:00:00,62.2,144000000.0,23047.0,22.56,20500000.0,2.18,23043.0,50.72,67100000.0,1.39
,2023-06-13 20:00:00,62.2,144000000.0,23047.0,22.56,20500000.0,2.18,23045.0,62.24,144000000.0,1.47
,2023-06-13 20:00:00,62.2,144000000.0,23047.0,22.56,20500000.0,2.18,23046.0,17.04,19600000.0,1.85
,2023-06-13 20:00:00,62.2,144000000.0,23047.0,22.56,20500000.0,2.18,23047.0,22.56,20500000.0,2.18
,2023-06-14 06:30:00,69.4,186000000.0,23043.0,57.2,177000000.0,0.46,23043.0,57.2,177000000.0,0.46
,2023-06-14 06:30:00,69.4,186000000.0,23043.0,57.2,177000000.0,0.46,23045.0,69.44,186000000.0,0.7
,2023-06-14 06:30:00,69.4,186000000.0,23043.0,57.2,177000000.0,0.46,23046.0,28.8,69200000.0,1.9
,2023-06-14 06:30:00,69.4,186000000.0,23043.0,57.2,177000000.0,0.46,23047.0,31.36,61800000.0,2.03
,2023-06-14 06:30:00,69.4,186000000.0,23045.0,69.44,186000000.0,0.7,23043.0,57.2,177000000.0,0.46
,2023-06-14 06:30:00,69.4,186000000.0,23045.0,69.44,186000000.0,0.7,23045.0,69.44,186000000.0,0.7
,2023-06-14 06:30:00,69.4,186000000.0,23045.0,69.44,186000000.0,0.7,23046.0,28.8,69200000.0,1.9
,2023-06-14 06:30:00,69.4,186000000.0,23045.0,69.44,186000000.0,0.7,23047.0,31.36,61800000.0,2.03
,2023-06-14 06:30:00,69.4,186000000.0,23046.0,28.8,69200000.0,1.9,23043.0,57.2,177000000.0,0.46
,2023-06-14 06:30:00,69.4,186000000.0,23046.0,28.8,69200000.0,1.9,23045.0,69.44,186000000.0,0.7
,2023-06-14 06:30:00,69.4,186000000.0,23046.0,28.8,69200000.0,1.9,23046.0,28.8,69200000.0,1.9
,2023-06-14 06:30:00,69.4,186000000.0,23046.0,28.8,69200000.0,1.9,23047.0,31.36,61800000.0,2.03
,2023-06-14 06:30:00,69.4,186000000.0,23047.0,31.36,61800000.0,2.03,23043.0,57.2,177000000.0,0.46
,2023-06-14 06:30:00,69.4,186000000.0,23047.0,31.36,61800000.0,2.03,23045.0,69.44,186000000.0,0.7
,2023-06-14 06:30:00,69.4,186000000.0,23047.0,31.36,61800000.0,2.03,23046.0,28.8,69200000.0,1.9
,2023-06-14 06:30:00,69.4,186000000.0,23047.0,31.36,61800000.0,2.03,23047.0,31.36,61800000.0,2.03
,2023-06-14 07:30:00,70.2,174000000.0,23043.0,62.8,169000000.0,1.04,23043.0,62.8,169000000.0,1.04
,2023-06-14 07:30:00,70.2,174000000.0,23043.0,62.8,169000000.0,1.04,23045.0,70.16,174000000.0,0.6
,2023-06-14 07:30:00,70.2,174000000.0,23045.0,70.16,174000000.0,0.6,23043.0,62.8,169000000.0,1.04
,2023-06-14 07:30:00,70.2,174000000.0,23045.0,70.16,174000000.0,0.6,23045.0,70.16,174000000.0,0.6
,2023-06-14 08:30:00,72.8,174000000.0,23043.0,64.0,178000000.0,0.94,23043.0,64.0,178000000.0,0.94
,2023-06-14 08:30:00,72.8,174000000.0,23043.0,64.0,178000000.0,0.94,23045.0,72.8,174000000.0,0.55
,2023-06-14 08:30:00,72.8,174000000.0,23045.0,72.8,174000000.0,0.55,23043.0,64.0,178000000.0,0.94
,2023-06-14 08:30:00,72.8,174000000.0,23045.0,72.8,174000000.0,0.55,23045.0,72.8,174000000.0,0.55
23050.0,2023-06-20 08:30:00,14.2,12100000.0,23048.0,16.0,5750000.0,1.82,23048.0,16.0,5750000.0,1.82
23050.0,2023-06-20 08:30:00,14.2,12100000.0,23048.0,16.0,5750000.0,1.82,23049.0,14.96,6400000.0,1.62
23050.0,2023-06-20 08:30:00,14.2,12100000.0,23049.0,14.96,6400000.0,1.62,23048.0,16.0,5750000.0,1.82
23050.0,2023-06-20 08:30:00,14.2,12100000.0,23049.0,14.96,6400000.0,1.62,23049.0,14.96,6400000.0,1.62
23050.0,2023-06-20 12:30:00,14.6,5570000.0,23048.0,16.4,8290000.0,2.32,23048.0,16.4,8290000.0,2.32
23050.0,2023-06-20 12:30:00,14.6,5570000.0,23048.0,16.4,8290000.0,2.32,23049.0,15.28,8750000.0,1.96
23050.0,2023-06-20 12:30:00,14.6,5570000.0,23049.0,15.28,8750000.0,1.96,23048.0,16.4,8290000.0,2.32
23050.0,2023-06-20 12:30:00,14.6,5570000.0,23049.0,15.28,8750000.0,1.96,23049.0,15.28,8750000.0,1.96
23050.0,2023-06-20 16:30:00,15.0,8880000.0,23048.0,17.44,13000000.0,2.02,23048.0,17.44,13000000.0,2.02
23050.0,2023-06-20 16:30:00,15.0,8880000.0,23048.0,17.44,13000000.0,2.02,23049.0,16.4,13300000.0,1.98
23050.0,2023-06-20 16:30:00,15.0,8880000.0,23049.0,16.4,13300000.0,1.98,23048.0,17.44,13000000.0,2.02
23050.0,2023-06-20 16:30:00,15.0,8880000.0,23049.0,16.4,13300000.0,1.98,23049.0,16.4,13300000.0,1.98
23050.0,2023-06-20 20:30:00,16.2,15500000.0,23048.0,19.2,19100000.0,2.07,23048.0,19.2,19100000.0,2.07
23050.0,2023-06-20 20:30:00,16.2,15500000.0,23048.0,19.2,19100000.0,2.07,23049.0,18.56,21800000.0,2.14
23050.0,2023-06-20 20:30:00,16.2,15500000.0,23049.0,18.56,21800000.0,2.14,23048.0,19.2,19100000.0,2.07
23050.0,2023-06-20 20:30:00,16.2,15500000.0,23049.0,18.56,21800000.0,2.14,23049.0,18.56,21800000.0,2.14
23051.0,2023-06-20 08:30:00,14.2,12100000.0,23048.0,16.0,5750000.0,1.82,23048.0,16.0,5750000.0,1.82
23051.0,2023-06-20 08:30:00,14.2,12100000.0,23048.0,16.0,5750000.0,1.82,23049.0,14.96,6400000.0,1.62
23051.0,2023-06-20 08:30:00,14.2,12100000.0,23049.0,14.96,6400000.0,1.62,23048.0,16.0,5750000.0,1.82
23051.0,2023-06-20 08:30:00,14.2,12100000.0,23049.0,14.96,6400000.0,1.62,23049.0,14.96,6400000.0,1.62
23051.0,2023-06-20 12:30:00,14.6,5570000.0,23048.0,16.4,8290000.0,2.32,23048.0,16.4,8290000.0,2.32
23051.0,2023-06-20 12:30:00,14.6,5570000.0,23048.0,16.4,8290000.0,2.32,23049.0,15.28,8750000.0,1.96
23051.0,2023-06-20 12:30:00,14.6,5570000.0,23049.0,15.28,8750000.0,1.96,23048.0,16.4,8290000.0,2.32
23051.0,2023-06-20 12:30:00,14.6,5570000.0,23049.0,15.28,8750000.0,1.96,23049.0,15.28,8750000.0,1.96
23051.0,2023-06-20 16:30:00,15.0,8880000.0,23048.0,17.44,13000000.0,2.02,23048.0,17.44,13000000.0,2.02
23051.0,2023-06-20 16:30:00,15.0,8880000.0,23048.0,17.44,13000000.0,2.02,23049.0,16.4,13300000.0,1.98
23051.0,2023-06-20 16:30:00,15.0,8880000.0,23049.0,16.4,13300000.0,1.98,23048.0,17.44,13000000.0,2.02
23051.0,2023-06-20 16:30:00,15.0,8880000.0,23049.0,16.4,13300000.0,1.98,23049.0,16.4,13300000.0,1.98
23051.0,2023-06-20 20:30:00,16.2,15500000.0,23048.0,19.2,19100000.0,2.07,23048.0,19.2,19100000.0,2.07
23051.0,2023-06-20 20:30:00,16.2,15500000.0,23048.0,19.2,19100000.0,2.07,23049.0,18.56,21800000.0,2.14
23051.0,2023-06-20 20:30:00,16.2,15500000.0,23049.0,18.56,21800000.0,2.14,23048.0,19.2,19100000.0,2.07
23051.0,2023-06-20 20:30:00,16.2,15500000.0,23049.0,18.56,21800000.0,2.14,23049.0,18.56,21800000.0,2.14
23054.0,2023-06-26 08:00:00,14.6,3370000.0,23052.0,16.48,2910000.0,1.99,23052.0,16.48,2910000.0,1.99
23054.0,2023-06-26 08:00:00,14.6,3370000.0,23052.0,16.48,2910000.0,1.99,23053.0,16.64,4540000.0,2.1
23054.0,2023-06-26 08:00:00,14.6,3370000.0,23053.0,16.64,4540000.0,2.1,23052.0,16.48,2910000.0,1.99
23054.0,2023-06-26 08:00:00,14.6,3370000.0,23053.0,16.64,4540000.0,2.1,23053.0,16.64,4540000.0,2.1
23054.0,2023-06-26 12:00:00,15.4,5690000.0,23052.0,16.8,7510000.0,2.01,23052.0,16.8,7510000.0,2.01
23054.0,2023-06-26 12:00:00,15.4,5690000.0,23052.0,16.8,7510000.0,2.01,23053.0,17.04,7670000.0,2.09
23054.0,2023-06-26 12:00:00,15.4,5690000.0,23053.0,17.04,7670000.0,2.09,23052.0,16.8,7510000.0,2.01
23054.0,2023-06-26 12:00:00,15.4,5690000.0,23053.0,17.04,7670000.0,2.09,23053.0,17.04,7670000.0,2.09
23054.0,2023-06-26 16:00:00,16.5,7750000.0,23052.0,17.84,12000000.0,2.02,23052.0,17.84,12000000.0,2.02
23054.0,2023-06-26 16:00:00,16.5,7750000.0,23052.0,17.84,12000000.0,2.02,23053.0,17.92,10000000.0,2.16
23054.0,2023-06-26 16:00:00,16.5,7750000.0,23053.0,17.92,10000000.0,2.16,23052.0,17.84,12000000.0,2.02
23054.0,2023-06-26 16:00:00,16.5,7750000.0,23053.0,17.92,10000000.0,2.16,23053.0,17.92,10000000.0,2.16
23054.0,2023-06-26 20:00:00,17.9,16400000.0,23052.0,20.24,19900000.0,1.78,23052.0,20.24,19900000.0,1.78
23054.0,2023-06-26 20:00:00,17.9,16400000.0,23052.0,20.24,19900000.0,1.78,23053.0,20.08,20200000.0,2.17
23054.0,2023-06-26 20:00:00,17.9,16400000.0,23053.0,20.08,20200000.0,2.17,23052.0,20.24,19900000.0,1.78
23054.0,2023-06-26 20:00:00,17.9,16400000.0,23053.0,20.08,20200000.0,2.17,23053.0,20.08,20200000.0,2.17
23055.0,2023-06-26 08:00:00,14.6,3370000.0,23052.0,16.48,2910000.0,1.99,23052.0,16.48,2910000.0,1.99
23055.0,2023-06-26 08:00:00,14.6,3370000.0,23052.0,16.48,2910000.0,1.99,23053.0,16.64,4540000.0,2.1
23055.0,2023-06-26 08:00:00,14.6,3370000.0,23053.0,16.64,4540000.0,2.1,23052.0,16.48,2910000.0,1.99
23055.0,2023-06-26 08:00:00,14.6,3370000.0,23053.0,16.64,4540000.0,2.1,23053.0,16.64,4540000.0,2.1
23055.0,2023-06-26 12:00:00,15.4,5690000.0,23052.0,16.8,7510000.0,2.01,23052.0,16.8,7510000.0,2.01
23055.0,2023-06-26 12:00:00,15.4,5690000.0,23052.0,16.8,7510000.0,2.01,23053.0,17.04,7670000.0,2.09
23055.0,2023-06-26 12:00:00,15.4,5690000.0,23053.0,17.04,7670000.0,2.09,23052.0,16.8,7510000.0,2.01
23055.0,2023-06-26 12:00:00,15.4,5690000.0,23053.0,17.04,7670000.0,2.09,23053.0,17.04,7670000.0,2.09
23055.0,2023-06-26 16:00:00,16.5,7750000.0,23052.0,17.84,12000000.0,2.02,23052.0,17.84,12000000.0,2.02
23055.0,2023-06-26 16:00:00,16.5,7750000.0,23052.0,17.84,12000000.0,2.02,23053.0,17.92,10000000.0,2.16
23055.0,2023-06-26 16:00:00,16.5,7750000.0,23053.0,17.92,10000000.0,2.16,23052.0,17.84,12000000.0,2.02
23055.0,2023-06-26 16:00:00,16.5,7750000.0,23053.0,17.92,10000000.0,2.16,23053.0,17.92,10000000.0,2.16
23055.0,2023-06-26 20:00:00,17.9,16400000.0,23052.0,20.24,19900000.0,1.78,23052.0,20.24,19900000.0,1.78
23055.0,2023-06-26 20:00:00,17.9,16400000.0,23052.0,20.24,19900000.0,1.78,23053.0,20.08,20200000.0,2.17
23055.0,2023-06-26 20:00:00,17.9,16400000.0,23053.0,20.08,20200000.0,2.17,23052.0,20.24,19900000.0,1.78
23055.0,2023-06-26 20:00:00,17.9,16400000.0,23053.0,20.08,20200000.0,2.17,23053.0,20.08,20200000.0,2.17
23059.0,2023-06-26 08:00:00,16.5,2910000.0,23052.0,16.48,2910000.0,1.99,23052.0,16.48,2910000.0,1.99
23059.0,2023-06-26 08:00:00,16.5,2910000.0,23052.0,16.48,2910000.0,1.99,23053.0,16.64,4540000.0,2.1
23059.0,2023-06-26 08:00:00,16.5,2910000.0,23053.0,16.64,4540000.0,2.1,23052.0,16.48,2910000.0,1.99
23059.0,2023-06-26 08:00:00,16.5,2910000.0,23053.0,16.64,4540000.0,2.1,23053.0,16.64,4540000.0,2.1
23059.0,2023-06-26 12:00:00,16.8,7510000.0,23052.0,16.8,7510000.0,2.01,23052.0,16.8,7510000.0,2.01
23059.0,2023-06-26 12:00:00,16.8,7510000.0,23052.0,16.8,7510000.0,2.01,23053.0,17.04,7670000.0,2.09
23059.0,2023-06-26 12:00:00,16.8,7510000.0,23053.0,17.04,7670000.0,2.09,23052.0,16.8,7510000.0,2.01
23059.0,2023-06-26 12:00:00,16.8,7510000.0,23053.0,17.04,7670000.0,2.09,23053.0,17.04,7670000.0,2.09
23059.0,2023-06-26 16:00:00,17.8,12000000.0,23052.0,17.84,12000000.0,2.02,23052.0,17.84,12000000.0,2.02
23059.0,2023-06-26 16:00:00,17.8,12000000.0,23052.0,17.84,12000000.0,2.02,23053.0,17.92,10000000.0,2.16
23059.0,2023-06-26 16:00:00,17.8,12000000.0,23053.0,17.92,10000000.0,2.16,23052.0,17.84,12000000.0,2.02
23059.0,2023-06-26 16:00:00,17.8,12000000.0,23053.0,17.92,10000000.0,2.16,23053.0,17.92,10000000.0,2.16
23059.0,2023-06-26 20:00:00,20.2,19900000.0,23052.0,20.24,19900000.0,1.78,23052.0,20.24,19900000.0,1.78
23059.0,2023-06-26 20:00:00,20.2,19900000.0,23052.0,20.24,19900000.0,1.78,23053.0,20.08,20200000.0,2.17
23059.0,2023-06-26 20:00:00,20.2,19900000.0,23053.0,20.08,20200000.0,2.17,23052.0,20.24,19900000.0,1.78
23059.0,2023-06-26 20:00:00,20.2,19900000.0,23053.0,20.08,20200000.0,2.17,23053.0,20.08,20200000.0,2.17
23059.0,2023-06-27 07:15:00,35.6,67500000.0,23052.0,35.6,67500000.0,1.82,23052.0,35.6,67500000.0,1.82
23059.0,2023-06-27 07:15:00,35.6,67500000.0,23052.0,35.6,67500000.0,1.82,23053.0,32.48,60400000.0,1.07
23059.0,2023-06-27 07:15:00,35.6,67500000.0,23053.0,32.48,60400000.0,1.07,23052.0,35.6,67500000.0,1.82
23059.0,2023-06-27 07:15:00,35.6,67500000.0,23053.0,32.48,60400000.0,1.07,23053.0,32.48,60400000.0,1.07
23059.0,2023-06-27 11:30:00,43.0,85300000.0,23052.0,42.96,85300000.0,1.82,23052.0,42.96,85300000.0,1.82
23059.0,2023-06-27 11:30:00,43.0,85300000.0,23052.0,42.96,85300000.0,1.82,23053.0,39.52,81100000.0,2.0
23059.0,2023-06-27 11:30:00,43.0,85300000.0,23052.0,42.96,85300000.0,1.82,23054.0,17.2,6060000.0,1.81
23059.0,2023-06-27 11:30:00,43.0,85300000.0,23052.0,42.96,85300000.0,1.82,23055.0,17.04,5640000.0,0.92
23059.0,2023-06-27 11:30:00,43.0,85300000.0,23053.0,39.52,81100000.0,2.0,23052.0,42.96,85300000.0,1.82
23059.0,2023-06-27 11:30:00,43.0,85300000.0,23053.0,39.52,81100000.0,2.0,23053.0,39.52,81100000.0,2.0
23059.0,2023-06-27 11:30:00,43.0,85300000.0,23053.0,39.52,81100000.0,2.0,23054.0,17.2,6060000.0,1.81
23059.0,2023-06-27 11:30:00,43.0,85300000.0,23053.0,39.52,81100000.0,2.0,23055.0,17.04,5640000.0,0.92
23059.0,2023-06-27 11:30:00,43.0,85300000.0,23054.0,17.2,6060000.0,1.81,23052.0,42.96,85300000.0,1.82
23059.0,2023-06-27 11:30:00,43.0,85300000.0,23054.0,17.2,6060000.0,1.81,23053.0,39.52,81100000.0,2.0
23059.0,2023-06-27 11:30:00,43.0,85300000.0,23054.0,17.2,6060000.0,1.81,23054.0,17.2,6060000.0,1.81
23059.0,2023-06-27 11:30:00,43.0,85300000.0,23054.0,17.2,6060000.0,1.81,23055.0,17.04,5640000.0,0.92
23059.0,2023-06-27 11:30:00,43.0,85300000.0,23055.0,17.04,5640000.0,0.92,23052.0,42.96,85300000.0,1.82
23059.0,2023-06-27 11:30:00,43.0,85300000.0,23055.0,17.04,5640000.0,0.92,23053.0,39.52,81100000.0,2.0
23059.0,2023-06-27 11:30:00,43.0,85300000.0,23055.0,17.04,5640000.0,0.92,23054.0,17.2,6060000.0,1.81
23059.0,2023-06-27 11:30:00,43.0,85300000.0,23055.0,17.04,5640000.0,0.92,23055.0,17.04,5640000.0,0.92
23059.0,2023-06-27 15:30:00,55.1,101000000.0,23052.0,55.12,101000000.0,1.53,23052.0,55.12,101000000.0,1.53
23059.0,2023-06-27 15:30:00,55.1,101000000.0,23052.0,55.12,101000000.0,1.53,23053.0,48.4,97900000.0,1.54
23059.0,2023-06-27 15:30:00,55.1,101000000.0,23052.0,55.12,101000000.0,1.53,23054.0,18.08,8990000.0,1.8
23059.0,2023-06-27 15:30:00,55.1,101000000.0,23052.0,55.12,101000000.0,1.53,23055.0,18.16,9280000.0,1.84
23059.0,2023-06-27 15:30:00,55.1,101000000.0,23053.0,48.4,97900000.0,1.54,23052.0,55.12,101000000.0,1.53
23059.0,2023-06-27 15:30:00,55.1,101000000.0,23053.0,48.4,97900000.0,1.54,23053.0,48.4,97900000.0,1.54
23059.0,2023-06-27 15:30:00,55.1,101000000.0,23053.0,48.4,97900000.0,1.54,23054.0,18.08,8990000.0,1.8
23059.0,2023-06-27 15:30:00,55.1,101000000.0,23053.0,48.4,97900000.0,1.54,23055.0,18.16,9280000.0,1.84
23059.0,2023-06-27 15:30:00,55.1,101000000.0,23054.0,18.08,8990000.0,1.8,23052.0,55.12,101000000.0,1.53
23059.0,2023-06-27 15:30:00,55.1,101000000.0,23054.0,18.08,8990000.0,1.8,23053.0,48.4,97900000.0,1.54
23059.0,2023-06-27 15:30:00,55.1,101000000.0,23054.0,18.08,8990000.0,1.8,23054.0,18.08,8990000.0,1.8
23059.0,2023-06-27 15:30:00,55.1,101000000.0,23054.0,18.08,8990000.0,1.8,23055.0,18.16,9280000.0,1.84
23059.0,2023-06-27 15:30:00,55.1,101000000.0,23055.0,18.16,9280000.0,1.84,23052.0,55.12,101000000.0,1.53
23059.0,2023-06-27 15:30:00,55.1,101000000.0,23055.0,18.16,9280000.0,1.84,23053.0,48.4,97900000.0,1.54
23059.0,2023-06-27 15:30:00,55.1,101000000.0,23055.0,18.16,9280000.0,1.84,23054.0,18.08,8990000.0,1.8
23059.0,2023-06-27 15:30:00,55.1,101000000.0,23055.0,18.16,9280000.0,1.84,23055.0,18.16,9280000.0,1.84
23059.0,2023-06-27 19:30:00,62.6,120000000.0,23052.0,62.56,120000000.0,1.46,23052.0,62.56,120000000.0,1.46
23059.0,2023-06-27 19:30:00,62.6,120000000.0,23052.0,62.56,120000000.0,1.46,23053.0,56.8,107000000.0,1.54
23059.0,2023-06-27 19:30:00,62.6,120000000.0,23052.0,62.56,120000000.0,1.46,23054.0,20.88,149000000.0,1.99
23059.0,2023-06-27 19:30:00,62.6,120000000.0,23052.0,62.56,120000000.0,1.46,23055.0,20.08,9250000.0,1.96
23059.0,2023-06-27 19:30:00,62.6,120000000.0,23053.0,56.8,107000000.0,1.54,23052.0,62.56,120000000.0,1.46
23059.0,2023-06-27 19:30:00,62.6,120000000.0,23053.0,56.8,107000000.0,1.54,23053.0,56.8,107000000.0,1.54
23059.0,2023-06-27 19:30:00,62.6,120000000.0,23053.0,56.8,107000000.0,1.54,23054.0,20.88,149000000.0,1.99
23059.0,2023-06-27 19:30:00,62.6,120000000.0,23053.0,56.8,107000000.0,1.54,23055.0,20.08,9250000.0,1.96
23059.0,2023-06-27 19:30:00,62.6,120000000.0,23054.0,20.88,149000000.0,1.99,23052.0,62.56,120000000.0,1.46
23059.0,2023-06-27 19:30:00,62.6,120000000.0,23054.0,20.88,149000000.0,1.99,23053.0,56.8,107000000.0,1.54
23059.0,2023-06-27 19:30:00,62.6,120000000.0,23054.0,20.88,149000000.0,1.99,23054.0,20.88,149000000.0,1.99
23059.0,2023-06-27 19:30:00,62.6,120000000.0,23054.0,20.88,149000000.0,1.99,23055.0,20.08,9250000.0,1.96
23059.0,2023-06-27 19:30:00,62.6,120000000.0,23055.0,20.08,9250000.0,1.96,23052.0,62.56,120000000.0,1.46
23059.0,2023-06-27 19:30:00,62.6,120000000.0,23055.0,20.08,9250000.0,1.96,23053.0,56.8,107000000.0,1.54
23059.0,2023-06-27 19:30:00,62.6,120000000.0,23055.0,20.08,9250000.0,1.96,23054.0,20.88,149000000.0,1.99
23059.0,2023-06-27 19:30:00,62.6,120000000.0,23055.0,20.08,9250000.0,1.96,23055.0,20.08,9250000.0,1.96
23059.0,2023-06-28 06:15:00,73.0,185000000.0,23052.0,73.04,185000000.0,0.71,23052.0,73.04,185000000.0,0.71
23059.0,2023-06-28 06:15:00,73.0,185000000.0,23052.0,73.04,185000000.0,0.71,23053.0,67.28,160000000.0,0.87
23059.0,2023-06-28 06:15:00,73.0,185000000.0,23053.0,67.28,160000000.0,0.87,23052.0,73.04,185000000.0,0.71
23059.0,2023-06-28 06:15:00,73.0,185000000.0,23053.0,67.28,160000000.0,0.87,23053.0,67.28,160000000.0,0.87
23059.0,2023-06-28 07:15:00,74.4,219000000.0,23052.0,74.4,219000000.0,0.69,23052.0,74.4,219000000.0,0.69
23059.0,2023-06-28 07:15:00,74.4,219000000.0,23052.0,74.4,219000000.0,0.69,23053.0,70.72,195000000.0,0.63
23059.0,2023-06-28 07:15:00,74.4,219000000.0,23053.0,70.72,195000000.0,0.63,23052.0,74.4,219000000.0,0.69
23059.0,2023-06-28 07:15:00,74.4,219000000.0,23053.0,70.72,195000000.0,0.63,23053.0,70.72,195000000.0,0.63
23059.0,2023-06-28 09:30:00,72.9,189000000.0,23052.0,72.88,189000000.0,0.67,23052.0,72.88,189000000.0,0.67
23059.0,2023-06-28 09:30:00,72.9,189000000.0,23052.0,72.88,189000000.0,0.67,23053.0,72.64,168000000.0,0.61
23059.0,2023-06-28 09:30:00,72.9,189000000.0,23053.0,72.64,168000000.0,0.61,23052.0,72.88,189000000.0,0.67
23059.0,2023-06-28 09:30:00,72.9,189000000.0,23053.0,72.64,168000000.0,0.61,23053.0,72.64,168000000.0,0.61
,2023-07-03 09:00:00,18.7,7310000.0,23056.0,18.72,7310000.0,2.06,23056.0,18.72,7310000.0,2.06
,2023-07-03 09:00:00,18.7,7310000.0,23056.0,18.72,7310000.0,2.06,23057.0,18.64,7590000.0,2.06
,2023-07-03 09:00:00,18.7,7310000.0,23057.0,18.64,7590000.0,2.06,23056.0,18.72,7310000.0,2.06
,2023-07-03 09:00:00,18.7,7310000.0,23057.0,18.64,7590000.0,2.06,23057.0,18.64,7590000.0,2.06
,2023-07-03 13:00:00,19.2,10000000.0,23056.0,19.2,10000000.0,1.99,23056.0,19.2,10000000.0,1.99
,2023-07-03 13:00:00,19.2,10000000.0,23056.0,19.2,10000000.0,1.99,23057.0,18.16,10500000.0,1.95
,2023-07-03 13:00:00,19.2,10000000.0,23057.0,18.16,10500000.0,1.95,23056.0,19.2,10000000.0,1.99
,2023-07-03 13:00:00,19.2,10000000.0,23057.0,18.16,10500000.0,1.95,23057.0,18.16,10500000.0,1.95
,2023-07-03 17:00:00,20.8,14300000.0,23056.0,20.8,14300000.0,2.18,23056.0,20.8,14300000.0,2.18
,2023-07-03 17:00:00,20.8,14300000.0,23056.0,20.8,14300000.0,2.18,23057.0,20.4,16400000.0,2.18
,2023-07-03 17:00:00,20.8,14300000.0,23057.0,20.4,16400000.0,2.18,23056.0,20.8,14300000.0,2.18
,2023-07-03 17:00:00,20.8,14300000.0,23057.0,20.4,16400000.0,2.18,23057.0,20.4,16400000.0,2.18
,2023-07-03 21:00:00,22.5,25200000.0,23056.0,22.48,25200000.0,2.07,23056.0,22.48,25200000.0,2.07
,2023-07-03 21:00:00,22.5,25200000.0,23056.0,22.48,25200000.0,2.07,23057.0,21.92,20100000.0,2.14
,2023-07-03 21:00:00,22.5,25200000.0,23057.0,21.92,20100000.0,2.14,23056.0,22.48,25200000.0,2.07
,2023-07-03 21:00:00,22.5,25200000.0,23057.0,21.92,20100000.0,2.14,23057.0,21.92,20100000.0,2.14
,2023-07-04 08:00:00,38.0,48500000.0,23056.0,38.0,48500000.0,1.94,23056.0,38.0,48500000.0,1.94
,2023-07-04 08:00:00,38.0,48500000.0,23056.0,38.0,48500000.0,1.94,23057.0,33.44,53000000.0,2.05
,2023-07-04 08:00:00,38.0,48500000.0,23056.0,38.0,48500000.0,1.94,23060.0,15.04,4670000.0,1.98
,2023-07-04 08:00:00,38.0,48500000.0,23056.0,38.0,48500000.0,1.94,23061.0,17.84,5090000.0,2.03
,2023-07-04 08:00:00,38.0,48500000.0,23057.0,33.44,53000000.0,2.05,23056.0,38.0,48500000.0,1.94
,2023-07-04 08:00:00,38.0,48500000.0,23057.0,33.44,53000000.0,2.05,23057.0,33.44,53000000.0,2.05
,2023-07-04 08:00:00,38.0,48500000.0,23057.0,33.44,53000000.0,2.05,23060.0,15.04,4670000.0,1.98
,2023-07-04 08:00:00,38.0,48500000.0,23057.0,33.44,53000000.0,2.05,23061.0,17.84,5090000.0,2.03
,2023-07-04 08:00:00,38.0,48500000.0,23060.0,15.04,4670000.0,1.98,23056.0,38.0,48500000.0,1.94
,2023-07-04 08:00:00,38.0,48500000.0,23060.0,15.04,4670000.0,1.98,23057.0,33.44,53000000.0,2.05
,2023-07-04 08:00:00,38.0,48500000.0,23060.0,15.04,4670000.0,1.98,23060.0,15.04,4670000.0,1.98
,2023-07-04 08:00:00,38.0,48500000.0,23060.0,15.04,4670000.0,1.98,23061.0,17.84,5090000.0,2.03
,2023-07-04 08:00:00,38.0,48500000.0,23061.0,17.84,5090000.0,2.03,23056.0,38.0,48500000.0,1.94
,2023-07-04 08:00:00,38.0,48500000.0,23061.0,17.84,5090000.0,2.03,23057.0,33.44,53000000.0,2.05
,2023-07-04 08:00:00,38.0,48500000.0,23061.0,17.84,5090000.0,2.03,23060.0,15.04,4670000.0,1.98
,2023-07-04 08:00:00,38.0,48500000.0,23061.0,17.84,5090000.0,2.03,23061.0,17.84,5090000.0,2.03
,2023-07-04 12:00:00,47.9,104000000.0,23056.0,47.92,104000000.0,1.72,23056.0,47.92,104000000.0,1.72
,2023-07-04 12:00:00,47.9,104000000.0,23056.0,47.92,104000000.0,1.72,23057.0,42.08,101000000.0,1.72
,2023-07-04 12:00:00,47.9,104000000.0,23056.0,47.92,104000000.0,1.72,23060.0,15.68,4670000.0,2.06
,2023-07-04 12:00:00,47.9,104000000.0,23056.0,47.92,104000000.0,1.72,23061.0,18.4,4790000.0,2.07
,2023-07-04 12:00:00,47.9,104000000.0,23057.0,42.08,101000000.0,1.72,23056.0,47.92,104000000.0,1.72
,2023-07-04 12:00:00,47.9,104000000.0,23057.0,42.08,101000000.0,1.72,23057.0,42.08,101000000.0,1.72
,2023-07-04 12:00:00,47.9,104000000.0,23057.0,42.08,101000000.0,1.72,23060.0,15.68,4670000.0,2.06
,2023-07-04 12:00:00,47.9,104000000.0,23057.0,42.08,101000000.0,1.72,23061.0,18.4,4790000.0,2.07
,2023-07-04 12:00:00,47.9,104000000.0,23060.0,15.68,4670000.0,2.06,23056.0,47.92,104000000.0,1.72
,2023-07-04 12:00:00,47.9,104000000.0,23060.0,15.68,4670000.0,2.06,23057.0,42.08,101000000.0,1.72
,2023-07-04 12:00:00,47.9,104000000.0,23060.0,15.68,4670000.0,2.06,23060.0,15.68,4670000.0,2.06
,2023-07-04 12:00:00,47.9,104000000.0,23060.0,15.68,4670000.0,2.06,23061.0,18.4,4790000.0,2.07
,2023-07-04 12:00:00,47.9,104000000.0,23061.0,18.4,4790000.0,2.07,23056.0,47.92,104000000.0,1.72
,2023-07-04 12:00:00,47.9,104000000.0,23061.0,18.4,4790000.0,2.07,23057.0,42.08,101000000.0,1.72
,2023-07-04 12:00:00,47.9,104000000.0,23061.0,18.4,4790000.0,2.07,23060.0,15.68,4670000.0,2.06
,2023-07-04 12:00:00,47.9,104000000.0,23061.0,18.4,4790000.0,2.07,23061.0,18.4,4790000.0,2.07
,2023-07-04 16:00:00,57.4,98900000.0,23056.0,57.36,98900000.0,1.53,23056.0,57.36,98900000.0,1.53
,2023-07-04 16:00:00,57.4,98900000.0,23056.0,57.36,98900000.0,1.53,23057.0,49.76,82400000.0,1.56
,2023-07-04 16:00:00,57.4,98900000.0,23056.0,57.36,98900000.0,1.53,23060.0,16.88,11500000.0,2.14
,2023-07-04 16:00:00,57.4,98900000.0,23056.0,57.36,98900000.0,1.53,23061.0,19.52,12900000.0,1.95
,2023-07-04 16:00:00,57.4,98900000.0,23057.0,49.76,82400000.0,1.56,23056.0,57.36,98900000.0,1.53
,2023-07-04 16:00:00,57.4,98900000.0,23057.0,49.76,82400000.0,1.56,23057.0,49.76,82400000.0,1.56
,2023-07-04 16:00:00,57.4,98900000.0,23057.0,49.76,82400000.0,1.56,23060.0,16.88,11500000.0,2.14
,2023-07-04 16:00:00,57.4,98900000.0,23057.0,49.76,82400000.0,1.56,23061.0,19.52,12900000.0,1.95
,2023-07-04 16:00:00,57.4,98900000.0,23060.0,16.88,11500000.0,2.14,23056.0,57.36,98900000.0,1.53
,2023-07-04 16:00:00,57.4,98900000.0,23060.0,16.88,11500000.0,2.14,23057.0,49.76,82400000.0,1.56
,2023-07-04 16:00:00,57.4,98900000.0,23060.0,16.88,11500000.0,2.14,23060.0,16.88,11500000.0,2.14
,2023-07-04 16:00:00,57.4,98900000.0,23060.0,16.88,11500000.0,2.14,23061.0,19.52,12900000.0,1.95
,2023-07-04 16:00:00,57.4,98900000.0,23061.0,19.52,12900000.0,1.95,23056.0,57.36,98900000.0,1.53
,2023-07-04 16:00:00,57.4,98900000.0,23061.0,19.52,12900000.0,1.95,23057.0,49.76,82400000.0,1.56
,2023-07-04 16:00:00,57.4,98900000.0,23061.0,19.52,12900000.0,1.95,23060.0,16.88,11500000.0,2.14
,2023-07-04 16:00:00,57.4,98900000.0,23061.0,19.52,12900000.0,1.95,23061.0,19.52,12900000.0,1.95
,2023-07-04 20:00:00,67.6,92300000.0,23056.0,67.6,92300000.0,1.18,23056.0,67.6,92300000.0,1.18
,2023-07-04 20:00:00,67.6,92300000.0,23056.0,67.6,92300000.0,1.18,23057.0,60.96,101000000.0,1.42
,2023-07-04 20:00:00,67.6,92300000.0,23056.0,67.6,92300000.0,1.18,23060.0,18.56,18500000.0,1.98
,2023-07-04 20:00:00,67.6,92300000.0,23056.0,67.6,92300000.0,1.18,23061.0,21.2,22500000.0,1.87
,2023-07-04 20:00:00,67.6,92300000.0,23057.0,60.96,101000000.0,1.42,23056.0,67.6,92300000.0,1.18
,2023-07-04 20:00:00,67.6,92300000.0,23057.0,60.96,101000000.0,1.42,23057.0,60.96,101000000.0,1.42
,2023-07-04 20:00:00,67.6,92300000.0,23057.0,60.96,101000000.0,1.42,23060.0,18.56,18500000.0,1.98
,2023-07-04 20:00:00,67.6,92300000.0,23057.0,60.96,101000000.0,1.42,23061.0,21.2,22500000.0,1.87
,2023-07-04 20:00:00,67.6,92300000.0,23060.0,18.56,18500000.0,1.98,23056.0,67.6,92300000.0,1.18
,2023-07-04 20:00:00,67.6,92300000.0,23060.0,18.56,18500000.0,1.98,23057.0,60.96,101000000.0,1.42
,2023-07-04 20:00:00,67.6,92300000.0,23060.0,18.56,18500000.0,1.98,23060.0,18.56,18500000.0,1.98
,2023-07-04 20:00:00,67.6,92300000.0,23060.0,18.56,18500000.0,1.98,23061.0,21.2,22500000.0,1.87
,2023-07-04 20:00:00,67.6,92300000.0,23061.0,21.2,22500000.0,1.87,23056.0,67.6,92300000.0,1.18
,2023-07-04 20:00:00,67.6,92300000.0,23061.0,21.2,22500000.0,1.87,23057.0,60.96,101000000.0,1.42
,2023-07-04 20:00:00,67.6,92300000.0,23061.0,21.2,22500000.0,1.87,23060.0,18.56,18500000.0,1.98
,2023-07-04 20:00:00,67.6,92300000.0,23061.0,21.2,22500000.0,1.87,23061.0,21.2,22500000.0,1.87
,2023-07-05 06:00:00,78.0,155000000.0,23056.0,78.0,155000000.0,0.6,23056.0,78.0,155000000.0,0.6
,2023-07-05 06:00:00,78.0,155000000.0,23056.0,78.0,155000000.0,0.6,23057.0,71.68,148000000.0,0.87
,2023-07-05 06:00:00,78.0,155000000.0,23057.0,71.68,148000000.0,0.87,23056.0,78.0,155000000.0,0.6
,2023-07-05 06:00:00,78.0,155000000.0,23057.0,71.68,148000000.0,0.87,23057.0,71.68,148000000.0,0.87
,2023-07-05 08:00:00,81.6,206000000.0,23056.0,81.6,206000000.0,0.47,23056.0,81.6,206000000.0,0.47
,2023-07-05 08:00:00,81.6,206000000.0,23056.0,81.6,206000000.0,0.47,23057.0,73.6,173000000.0,0.74
,2023-07-05 08:00:00,81.6,206000000.0,23057.0,73.6,173000000.0,0.74,23056.0,81.6,206000000.0,0.47
,2023-07-05 08:00:00,81.6,206000000.0,23057.0,73.6,173000000.0,0.74,23057.0,73.6,173000000.0,0.74
,2023-07-05 10:00:00,89.6,91200000.0,23056.0,89.6,91200000.0,0.38,23056.0,89.6,91200000.0,0.38
23064.0,2023-07-10 08:00:00,15.9,4470000.0,23062.0,16.96,5420000.0,1.86,23062.0,16.96,5420000.0,1.86
23064.0,2023-07-10 08:00:00,15.9,4470000.0,23062.0,16.96,5420000.0,1.86,23063.0,17.6,4860000.0,1.98
23064.0,2023-07-10 08:00:00,15.9,4470000.0,23063.0,17.6,4860000.0,1.98,23062.0,16.96,5420000.0,1.86
23064.0,2023-07-10 08:00:00,15.9,4470000.0,23063.0,17.6,4860000.0,1.98,23063.0,17.6,4860000.0,1.98
23064.0,2023-07-10 12:00:00,16.2,9150000.0,23062.0,18.16,69400000.0,1.01,23062.0,18.16,69400000.0,1.01
23064.0,2023-07-10 12:00:00,16.2,9150000.0,23062.0,18.16,69400000.0,1.01,23063.0,18.48,8250000.0,1.97
23064.0,2023-07-10 12:00:00,16.2,9150000.0,23063.0,18.48,8250000.0,1.97,23062.0,18.16,69400000.0,1.01
23064.0,2023-07-10 12:00:00,16.2,9150000.0,23063.0,18.48,8250000.0,1.97,23063.0,18.48,8250000.0,1.97
23064.0,2023-07-10 16:00:00,17.5,12400000.0,23062.0,18.88,9870000.0,2.14,23062.0,18.88,9870000.0,2.14
23064.0,2023-07-10 16:00:00,17.5,12400000.0,23062.0,18.88,9870000.0,2.14,23063.0,18.96,9410000.0,2.02
23064.0,2023-07-10 16:00:00,17.5,12400000.0,23063.0,18.96,9410000.0,2.02,23062.0,18.88,9870000.0,2.14
23064.0,2023-07-10 16:00:00,17.5,12400000.0,23063.0,18.96,9410000.0,2.02,23063.0,18.96,9410000.0,2.02
23064.0,2023-07-10 20:00:00,17.4,28500000.0,23062.0,19.6,13500000.0,2.1,23062.0,19.6,13500000.0,2.1
23064.0,2023-07-10 20:00:00,17.4,28500000.0,23062.0,19.6,13500000.0,2.1,23063.0,19.84,16100000.0,2.05
23064.0,2023-07-10 20:00:00,17.4,28500000.0,23063.0,19.84,16100000.0,2.05,23062.0,19.6,13500000.0,2.1
23064.0,2023-07-10 20:00:00,17.4,28500000.0,23063.0,19.84,16100000.0,2.05,23063.0,19.84,16100000.0,2.05
23065.0,2023-07-10 08:00:00,15.9,4470000.0,23062.0,16.96,5420000.0,1.86,23062.0,16.96,5420000.0,1.86
23065.0,2023-07-10 08:00:00,15.9,4470000.0,23062.0,16.96,5420000.0,1.86,23063.0,17.6,4860000.0,1.98
23065.0,2023-07-10 08:00:00,15.9,4470000.0,23063.0,17.6,4860000.0,1.98,23062.0,16.96,5420000.0,1.86
23065.0,2023-07-10 08:00:00,15.9,4470000.0,23063.0,17.6,4860000.0,1.98,23063.0,17.6,4860000.0,1.98
23065.0,2023-07-10 12:00:00,16.2,9150000.0,23062.0,18.16,69400000.0,1.01,23062.0,18.16,69400000.0,1.01
23065.0,2023-07-10 12:00:00,16.2,9150000.0,23062.0,18.16,69400000.0,1.01,23063.0,18.48,8250000.0,1.97
23065.0,2023-07-10 12:00:00,16.2,9150000.0,23063.0,18.48,8250000.0,1.97,23062.0,18.16,69400000.0,1.01
23065.0,2023-07-10 12:00:00,16.2,9150000.0,23063.0,18.48,8250000.0,1.97,23063.0,18.48,8250000.0,1.97
23065.0,2023-07-10 16:00:00,17.5,12400000.0,23062.0,18.88,9870000.0,2.14,23062.0,18.88,9870000.0,2.14
23065.0,2023-07-10 16:00:00,17.5,12400000.0,23062.0,18.88,9870000.0,2.14,23063.0,18.96,9410000.0,2.02
23065.0,2023-07-10 16:00:00,17.5,12400000.0,23063.0,18.96,9410000.0,2.02,23062.0,18.88,9870000.0,2.14
23065.0,2023-07-10 16:00:00,17.5,12400000.0,23063.0,18.96,9410000.0,2.02,23063.0,18.96,9410000.0,2.02
23065.0,2023-07-10 20:00:00,17.4,28500000.0,23062.0,19.6,13500000.0,2.1,23062.0,19.6,13500000.0,2.1
23065.0,2023-07-10 20:00:00,17.4,28500000.0,23062.0,19.6,13500000.0,2.1,23063.0,19.84,16100000.0,2.05
23065.0,2023-07-10 20:00:00,17.4,28500000.0,23063.0,19.84,16100000.0,2.05,23062.0,19.6,13500000.0,2.1
23065.0,2023-07-10 20:00:00,17.4,28500000.0,23063.0,19.84,16100000.0,2.05,23063.0,19.84,16100000.0,2.05
23068.0,2023-07-17 08:00:00,14.2,4830000.0,23067.0,18.08,6870000.0,1.74,23067.0,18.08,6870000.0,1.74
23068.0,2023-07-17 12:00:00,15.7,8630000.0,23067.0,18.16,11700000.0,1.94,23067.0,18.16,11700000.0,1.94
23068.0,2023-07-17 16:00:00,16.0,12900000.0,23067.0,19.2,15500000.0,1.91,23067.0,19.2,15500000.0,1.91
23068.0,2023-07-17 20:00:00,16.5,18900000.0,23067.0,19.36,27400000.0,2.1,23067.0,19.36,27400000.0,2.1
23069.0,2023-07-17 08:00:00,14.2,4830000.0,23067.0,18.08,6870000.0,1.74,23067.0,18.08,6870000.0,1.74
23069.0,2023-07-17 12:00:00,15.7,8630000.0,23067.0,18.16,11700000.0,1.94,23067.0,18.16,11700000.0,1.94
23069.0,2023-07-17 16:00:00,16.0,12900000.0,23067.0,19.2,15500000.0,1.91,23067.0,19.2,15500000.0,1.91
23069.0,2023-07-17 20:00:00,16.5,18900000.0,23067.0,19.36,27400000.0,2.1,23067.0,19.36,27400000.0,2.1
23079.0,2023-09-04 12:00:00,14.8,8020000.0,23078.0,18.64,10900000.0,2.216,23078.0,18.64,10900000.0,2.216
23079.0,2023-09-04 16:00:00,15.8,11000000.0,23078.0,20.32,11100000.0,1.568,23078.0,20.32,11100000.0,1.568
23079.0,2023-09-04 20:00:00,16.6,20900000.0,23077.0,20.24,20400000.0,2.032,23077.0,20.24,20400000.0,2.032
23079.0,2023-09-04 20:00:00,16.6,20900000.0,23077.0,20.24,20400000.0,2.032,23078.0,21.2,22800000.0,2.048
23079.0,2023-09-04 20:00:00,16.6,20900000.0,23078.0,21.2,22800000.0,2.048,23077.0,20.24,20400000.0,2.032
23079.0,2023-09-04 20:00:00,16.6,20900000.0,23078.0,21.2,22800000.0,2.048,23078.0,21.2,22800000.0,2.048
23080.0,2023-09-04 12:00:00,14.8,8020000.0,23078.0,18.64,10900000.0,2.216,23078.0,18.64,10900000.0,2.216
23080.0,2023-09-04 16:00:00,15.8,11000000.0,23078.0,20.32,11100000.0,1.568,23078.0,20.32,11100000.0,1.568
23080.0,2023-09-04 20:00:00,16.6,20900000.0,23077.0,20.24,20400000.0,2.032,23077.0,20.24,20400000.0,2.032
23080.0,2023-09-04 20:00:00,16.6,20900000.0,23077.0,20.24,20400000.0,2.032,23078.0,21.2,22800000.0,2.048
23080.0,2023-09-04 20:00:00,16.6,20900000.0,23078.0,21.2,22800000.0,2.048,23077.0,20.24,20400000.0,2.032
23080.0,2023-09-04 20:00:00,16.6,20900000.0,23078.0,21.2,22800000.0,2.048,23078.0,21.2,22800000.0,2.048
23085.0,2023-09-25 09:00:00,15.4,3520000.0,23085.0,16.32,5660000.0,2.096,23085.0,16.32,5660000.0,2.096
23085.0,2023-09-25 09:00:00,15.4,3520000.0,23085.0,16.32,5660000.0,2.096,23086.0,16.16,5310000.0,2.048
23085.0,2023-09-25 09:00:00,15.4,3520000.0,23086.0,16.16,5310000.0,2.048,23085.0,16.32,5660000.0,2.096
23085.0,2023-09-25 09:00:00,15.4,3520000.0,23086.0,16.16,5310000.0,2.048,23086.0,16.16,5310000.0,2.048
23086.0,2023-09-25 09:00:00,15.4,3520000.0,23085.0,16.32,5660000.0,2.096,23085.0,16.32,5660000.0,2.096
23086.0,2023-09-25 09:00:00,15.4,3520000.0,23085.0,16.32,5660000.0,2.096,23086.0,16.16,5310000.0,2.048
23086.0,2023-09-25 09:00:00,15.4,3520000.0,23086.0,16.16,5310000.0,2.048,23085.0,16.32,5660000.0,2.096
23086.0,2023-09-25 09:00:00,15.4,3520000.0,23086.0,16.16,5310000.0,2.048,23086.0,16.16,5310000.0,2.048
23087.0,2023-09-25 13:00:00,15.0,5460000.0,23085.0,16.88,6220000.0,1.936,23085.0,16.88,6220000.0,1.936
23087.0,2023-09-25 13:00:00,15.0,5460000.0,23085.0,16.88,6220000.0,1.936,23086.0,17.12,15500000.0,1.712
23087.0,2023-09-25 13:00:00,15.0,5460000.0,23086.0,17.12,15500000.0,1.712,23085.0,16.88,6220000.0,1.936
23087.0,2023-09-25 13:00:00,15.0,5460000.0,23086.0,17.12,15500000.0,1.712,23086.0,17.12,15500000.0,1.712
23087.0,2023-09-25 17:00:00,15.6,9520000.0,23085.0,17.68,11200000.0,1.944,23085.0,17.68,11200000.0,1.944
23087.0,2023-09-25 17:00:00,15.6,9520000.0,23085.0,17.68,11200000.0,1.944,23086.0,17.92,15000000.0,1.76
23087.0,2023-09-25 17:00:00,15.6,9520000.0,23086.0,17.92,15000000.0,1.76,23085.0,17.68,11200000.0,1.944
23087.0,2023-09-25 17:00:00,15.6,9520000.0,23086.0,17.92,15000000.0,1.76,23086.0,17.92,15000000.0,1.76
23087.0,2023-09-25 21:00:00,16.5,22800000.0,23085.0,19.68,26800000.0,1.768,23085.0,19.68,26800000.0,1.768
23087.0,2023-09-25 21:00:00,16.5,22800000.0,23085.0,19.68,26800000.0,1.768,23086.0,18.56,26700000.0,1.808
23087.0,2023-09-25 21:00:00,16.5,22800000.0,23086.0,18.56,26700000.0,1.808,23085.0,19.68,26800000.0,1.768
23087.0,2023-09-25 21:00:00,16.5,22800000.0,23086.0,18.56,26700000.0,1.808,23086.0,18.56,26700000.0,1.808
23087.0,2023-09-26 08:30:00,26.5,76300000.0,23085.0,32.32,56400000.0,1.576,23085.0,32.32,56400000.0,1.576
23087.0,2023-09-26 08:30:00,26.5,76300000.0,23085.0,32.32,56400000.0,1.576,23086.0,31.52,48600000.0,1.72
23087.0,2023-09-26 08:30:00,26.5,76300000.0,23086.0,31.52,48600000.0,1.72,23085.0,32.32,56400000.0,1.576
23087.0,2023-09-26 08:30:00,26.5,76300000.0,23086.0,31.52,48600000.0,1.72,23086.0,31.52,48600000.0,1.72
23088.0,2023-09-25 13:00:00,15.0,5460000.0,23085.0,16.88,6220000.0,1.936,23085.0,16.88,6220000.0,1.936
23088.0,2023-09-25 13:00:00,15.0,5460000.0,23085.0,16.88,6220000.0,1.936,23086.0,17.12,15500000.0,1.712
23088.0,2023-09-25 13:00:00,15.0,5460000.0,23086.0,17.12,15500000.0,1.712,23085.0,16.88,6220000.0,1.936
23088.0,2023-09-25 13:00:00,15.0,5460000.0,23086.0,17.12,15500000.0,1.712,23086.0,17.12,15500000.0,1.712
23088.0,2023-09-25 17:00:00,15.6,9520000.0,23085.0,17.68,11200000.0,1.944,23085.0,17.68,11200000.0,1.944
23088.0,2023-09-25 17:00:00,15.6,9520000.0,23085.0,17.68,11200000.0,1.944,23086.0,17.92,15000000.0,1.76
23088.0,2023-09-25 17:00:00,15.6,9520000.0,23086.0,17.92,15000000.0,1.76,23085.0,17.68,11200000.0,1.944
23088.0,2023-09-25 17:00:00,15.6,9520000.0,23086.0,17.92,15000000.0,1.76,23086.0,17.92,15000000.0,1.76
23088.0,2023-09-25 21:00:00,16.5,22800000.0,23085.0,19.68,26800000.0,1.768,23085.0,19.68,26800000.0,1.768
23088.0,2023-09-25 21:00:00,16.5,22800000.0,23085.0,19.68,26800000.0,1.768,23086.0,18.56,26700000.0,1.808
23088.0,2023-09-25 21:00:00,16.5,22800000.0,23086.0,18.56,26700000.0,1.808,23085.0,19.68,26800000.0,1.768
23088.0,2023-09-25 21:00:00,16.5,22800000.0,23086.0,18.56,26700000.0,1.808,23086.0,18.56,26700000.0,1.808
23088.0,2023-09-26 08:30:00,26.5,76300000.0,23085.0,32.32,56400000.0,1.576,23085.0,32.32,56400000.0,1.576
23088.0,2023-09-26 08:30:00,26.5,76300000.0,23085.0,32.32,56400000.0,1.576,23086.0,31.52,48600000.0,1.72
23088.0,2023-09-26 08:30:00,26.5,76300000.0,23086.0,31.52,48600000.0,1.72,23085.0,32.32,56400000.0,1.576
23088.0,2023-09-26 08:30:00,26.5,76300000.0,23086.0,31.52,48600000.0,1.72,23086.0,31.52,48600000.0,1.72
23091.0,2023-10-02 12:45:00,16.2,6840000.0,23089.0,18.8,7330000.0,1.872,23089.0,18.8,7330000.0,1.872
23091.0,2023-10-02 12:45:00,16.2,6840000.0,23089.0,18.8,7330000.0,1.872,23090.0,17.76,7120000.0,1.992
23091.0,2023-10-02 12:45:00,16.2,6840000.0,23090.0,17.76,7120000.0,1.992,23089.0,18.8,7330000.0,1.872
23091.0,2023-10-02 12:45:00,16.2,6840000.0,23090.0,17.76,7120000.0,1.992,23090.0,17.76,7120000.0,1.992
23091.0,2023-10-02 16:45:00,17.4,6750000.0,23089.0,20.64,7030000.0,1.888,23089.0,20.64,7030000.0,1.888
23091.0,2023-10-02 16:45:00,17.4,6750000.0,23089.0,20.64,7030000.0,1.888,23090.0,18.88,14500000.0,2.04
23091.0,2023-10-02 16:45:00,17.4,6750000.0,23090.0,18.88,14500000.0,2.04,23089.0,20.64,7030000.0,1.888
23091.0,2023-10-02 16:45:00,17.4,6750000.0,23090.0,18.88,14500000.0,2.04,23090.0,18.88,14500000.0,2.04
23091.0,2023-10-02 20:45:00,17.9,19000000.0,23089.0,22.0,23200000.0,,23089.0,22.0,23200000.0,
23091.0,2023-10-02 20:45:00,17.9,19000000.0,23089.0,22.0,23200000.0,,23090.0,20.08,16100000.0,2.008
23091.0,2023-10-02 20:45:00,17.9,19000000.0,23090.0,20.08,16100000.0,2.008,23089.0,22.0,23200000.0,
23091.0,2023-10-02 20:45:00,17.9,19000000.0,23090.0,20.08,16100000.0,2.008,23090.0,20.08,16100000.0,2.008
23092.0,2023-10-02 12:45:00,16.2,6840000.0,23089.0,18.8,7330000.0,1.872,23089.0,18.8,7330000.0,1.872
23092.0,2023-10-02 12:45:00,16.2,6840000.0,23089.0,18.8,7330000.0,1.872,23090.0,17.76,7120000.0,1.992
23092.0,2023-10-02 12:45:00,16.2,6840000.0,23090.0,17.76,7120000.0,1.992,23089.0,18.8,7330000.0,1.872
23092.0,2023-10-02 12:45:00,16.2,6840000.0,23090.0,17.76,7120000.0,1.992,23090.0,17.76,7120000.0,1.992
23092.0,2023-10-02 16:45:00,17.4,6750000.0,23089.0,20.64,7030000.0,1.888,23089.0,20.64,7030000.0,1.888
23092.0,2023-10-02 16:45:00,17.4,6750000.0,23089.0,20.64,7030000.0,1.888,23090.0,18.88,14500000.0,2.04
23092.0,2023-10-02 16:45:00,17.4,6750000.0,23090.0,18.88,14500000.0,2.04,23089.0,20.64,7030000.0,1.888
23092.0,2023-10-02 16:45:00,17.4,6750000.0,23090.0,18.88,14500000.0,2.04,23090.0,18.88,14500000.0,2.04
23092.0,2023-10-02 20:45:00,17.9,19000000.0,23089.0,22.0,23200000.0,,23089.0,22.0,23200000.0,
23092.0,2023-10-02 20:45:00,17.9,19000000.0,23089.0,22.0,23200000.0,,23090.0,20.08,16100000.0,2.008
23092.0,2023-10-02 20:45:00,17.9,19000000.0,23090.0,20.08,16100000.0,2.008,23089.0,22.0,23200000.0,
23092.0,2023-10-02 20:45:00,17.9,19000000.0,23090.0,20.08,16100000.0,2.008,23090.0,20.08,16100000.0,2.008
23110.0,2023-11-07 07:00:00,21.0,50500000.0,23108.0,34.56,72600000.0,,23108.0,34.56,72600000.0,
23110.0,2023-11-07 07:00:00,21.0,50500000.0,23108.0,34.56,72600000.0,,23109.0,32.08,72700000.0,
23110.0,2023-11-07 07:00:00,21.0,50500000.0,23109.0,32.08,72700000.0,,23108.0,34.56,72600000.0,
23110.0,2023-11-07 07:00:00,21.0,50500000.0,23109.0,32.08,72700000.0,,23109.0,32.08,72700000.0,
23110.0,2023-11-07 11:00:00,25.8,84300000.0,23108.0,40.48,92300000.0,,23108.0,40.48,92300000.0,
23110.0,2023-11-07 11:00:00,25.8,84300000.0,23108.0,40.48,92300000.0,,23109.0,39.44,89300000.0,
23110.0,2023-11-07 11:00:00,25.8,84300000.0,23109.0,39.44,89300000.0,,23108.0,40.48,92300000.0,
23110.0,2023-11-07 11:00:00,25.8,84300000.0,23109.0,39.44,89300000.0,,23109.0,39.44,89300000.0,
23111.0,2023-11-07 07:00:00,21.0,50500000.0,23108.0,34.56,72600000.0,,23108.0,34.56,72600000.0,
23111.0,2023-11-07 07:00:00,21.0,50500000.0,23108.0,34.56,72600000.0,,23109.0,32.08,72700000.0,
23111.0,2023-11-07 07:00:00,21.0,50500000.0,23109.0,32.08,72700000.0,,23108.0,34.56,72600000.0,
23111.0,2023-11-07 07:00:00,21.0,50500000.0,23109.0,32.08,72700000.0,,23109.0,32.08,72700000.0,
23111.0,2023-11-07 11:00:00,25.8,84300000.0,23108.0,40.48,92300000.0,,23108.0,40.48,92300000.0,
23111.0,2023-11-07 11:00:00,25.8,84300000.0,23108.0,40.48,92300000.0,,23109.0,39.44,89300000.0,
23111.0,2023-11-07 11:00:00,25.8,84300000.0,23109.0,39.44,89300000.0,,23108.0,40.48,92300000.0,
23111.0,2023-11-07 11:00:00,25.8,84300000.0,23109.0,39.44,89300000.0,,23109.0,39.44,89300000.0,
23136.0,2023-12-18 13:00:00,32.6,167000000.0,23136.0,16.56,10400000.0,1.664,23136.0,16.56,10400000.0,1.664
23137.0,2023-12-18 13:00:00,32.6,167000000.0,23136.0,16.56,10400000.0,1.664,23136.0,16.56,10400000.0,1.664
23138.0,2023-12-19 07:00:00,18.1,25100000.0,23136.0,29.44,81300000.0,1.6,23136.0,29.44,81300000.0,1.6
23138.0,2023-12-19 07:00:00,18.1,25100000.0,23136.0,29.44,81300000.0,1.6,23137.0,20.64,38000000.0,1.656
23138.0,2023-12-19 07:00:00,18.1,25100000.0,23137.0,20.64,38000000.0,1.656,23136.0,29.44,81300000.0,1.6
23138.0,2023-12-19 07:00:00,18.1,25100000.0,23137.0,20.64,38000000.0,1.656,23137.0,20.64,38000000.0,1.656
23138.0,2023-12-19 11:00:00,20.2,42900000.0,23136.0,36.96,106000000.0,1.448,23136.0,36.96,106000000.0,1.448
23138.0,2023-12-19 11:00:00,20.2,42900000.0,23136.0,36.96,106000000.0,1.448,23137.0,25.04,53800000.0,1.672
23138.0,2023-12-19 11:00:00,20.2,42900000.0,23137.0,25.04,53800000.0,1.672,23136.0,36.96,106000000.0,1.448
23138.0,2023-12-19 11:00:00,20.2,42900000.0,23137.0,25.04,53800000.0,1.672,23137.0,25.04,53800000.0,1.672
23139.0,2023-12-19 07:00:00,18.1,25100000.0,23136.0,29.44,81300000.0,1.6,23136.0,29.44,81300000.0,1.6
23139.0,2023-12-19 07:00:00,18.1,25100000.0,23136.0,29.44,81300000.0,1.6,23137.0,20.64,38000000.0,1.656
23139.0,2023-12-19 07:00:00,18.1,25100000.0,23137.0,20.64,38000000.0,1.656,23136.0,29.44,81300000.0,1.6
23139.0,2023-12-19 07:00:00,18.1,25100000.0,23137.0,20.64,38000000.0,1.656,23137.0,20.64,38000000.0,1.656
23139.0,2023-12-19 11:00:00,20.2,42900000.0,23136.0,36.96,106000000.0,1.448,23136.0,36.96,106000000.0,1.448
23139.0,2023-12-19 11:00:00,20.2,42900000.0,23136.0,36.96,106000000.0,1.448,23137.0,25.04,53800000.0,1.672
23139.0,2023-12-19 11:00:00,20.2,42900000.0,23137.0,25.04,53800000.0,1.672,23136.0,36.96,106000000.0,1.448
23139.0,2023-12-19 11:00:00,20.2,42900000.0,23137.0,25.04,53800000.0,1.672,23137.0,25.04,53800000.0,1.672
23002.0,2024-01-16 20:30:00,14.3,10900000.0,24004.0,19.2,8060000.0,2.264,24004.0,19.2,8060000.0,2.264
23002.0,2024-01-17 07:00:00,17.8,60900000.0,24004.0,24.4,31300000.0,2.072,24004.0,24.4,31300000.0,2.072
24003.0,2024-01-16 20:30:00,14.3,10900000.0,24004.0,19.2,8060000.0,2.264,24004.0,19.2,8060000.0,2.264
24003.0,2024-01-17 07:00:00,17.8,60900000.0,24004.0,24.4,31300000.0,2.072,24004.0,24.4,31300000.0,2.072
24005.0,2024-01-19 08:00:00,15.3,6620000.0,24002.0,70.64,203000000.0,0.8,24002.0,70.64,203000000.0,0.8
24007.0,2024-01-19 08:00:00,14.4,3490000.0,24002.0,70.64,203000000.0,0.8,24002.0,70.64,203000000.0,0.8
24008.0,2024-01-19 08:00:00,14.4,3490000.0,24002.0,70.64,203000000.0,0.8,24002.0,70.64,203000000.0,0.8
24019.0,2024-02-02 08:00:00,14.3,6450000.0,,84.8,29300000.0,0.0,,84.8,29300000.0,0.0
24021.0,2024-02-02 08:00:00,15.5,6040000.0,,84.8,29300000.0,0.0,,84.8,29300000.0,0.0
24031.0,2024-02-16 07:45:00,15.0,7460000.0,24034.0,80.8,163000000.0,0.696,24034.0,80.8,163000000.0,0.696
24088.0,2024-05-31 07:45:00,16.0,5090000.0,24090.0,69.76,137000000.0,1.032,24090.0,69.76,137000000.0,1.032
24089.0,2024-05-31 07:45:00,16.0,5090000.0,24090.0,69.76,137000000.0,1.032,24090.0,69.76,137000000.0,1.032
