Inoculos_Turbidez,Inoculos_Viabilidad,Cultivos_Turbidez,Cultivos_Viabilidad,Centrifugacion_Glucosa g/L,Turbidez inicio cultivo,Turbidez fin cultivo,ID Centrífuga,Producto 1,Producto 2
13.9,4300000.0,13.92,4300000.0,1.25,15.9,83.2,14246,2129.9,8.2
13.9,7570000.0,13.92,7570000.0,1.38,15.9,83.2,14246,2129.9,8.2
14.9,14700000.0,14.88,14700000.0,1.44,15.9,83.2,14246,2129.9,8.2
15.7,19300000.0,15.68,19300000.0,1.51,15.9,83.2,14246,2129.9,8.2
24.5,107000000.0,24.48,107000000.0,1.38,15.9,83.2,14246,2129.9,8.2
29.3,166000000.0,29.28,166000000.0,1.42,15.9,83.2,14246,2129.9,8.2
32.3,155000000.0,32.32,155000000.0,1.34,15.9,83.2,14246,2129.9,8.2
13.9,4300000.0,13.92,4300000.0,1.25,15.9,83.2,14246,2129.9,8.2
13.9,7570000.0,13.92,7570000.0,1.38,15.9,83.2,14246,2129.9,8.2
14.9,14700000.0,14.88,14700000.0,1.44,15.9,83.2,14246,2129.9,8.2
15.7,19300000.0,15.68,19300000.0,1.51,15.9,83.2,14246,2129.9,8.2
24.5,107000000.0,24.48,107000000.0,1.38,15.9,83.2,14246,2129.9,8.2
29.3,166000000.0,29.28,166000000.0,1.42,15.9,83.2,14246,2129.9,8.2
32.3,155000000.0,32.32,155000000.0,1.34,15.9,83.2,14246,2129.9,8.2
14.3,4920000.0,15.6,6850000.0,1.66,15.6,76.8,17825,1873.7,7.3
14.3,9790000.0,16.08,11500000.0,1.65,15.6,76.8,17825,1873.7,7.3
15.5,11500000.0,16.88,17000000.0,1.66,15.6,76.8,17825,1873.7,7.3
16.7,21400000.0,18.24,23900000.0,1.68,15.6,76.8,17825,1873.7,7.3
27.2,79300000.0,14.88,2780000.0,2.11,14.9,56.5,17825,1240.7,5.0
27.2,79300000.0,14.88,2780000.0,1.94,14.9,56.5,17825,1240.7,5.0
27.2,79300000.0,15.36,5200000.0,2.11,14.9,56.5,17825,1240.7,5.0
27.2,79300000.0,15.36,5200000.0,1.94,14.9,56.5,17825,1240.7,5.0
31.4,79500000.0,15.44,5660000.0,1.96,14.9,56.5,17825,1240.7,5.0
14.2,8910000.0,17.92,11300000.0,2.11,16.2,65.0,14246,1427.9,4.5
14.2,8910000.0,17.92,11300000.0,2.02,16.7,72.8,17825,1613.8,6.0
14.2,8910000.0,18.08,11500000.0,2.11,16.2,65.0,14246,1427.9,4.5
14.2,8910000.0,18.08,11500000.0,2.02,16.7,72.8,17825,1613.8,6.0
15.4,14900000.0,19.84,17300000.0,2.02,16.2,65.0,14246,1427.9,4.5
15.4,14900000.0,19.84,17300000.0,2.2,16.7,72.8,17825,1613.8,6.0
15.4,14900000.0,20.64,20300000.0,2.02,16.2,65.0,14246,1427.9,4.5
15.4,14900000.0,20.64,20300000.0,2.2,16.7,72.8,17825,1613.8,6.0
14.2,8910000.0,17.92,11300000.0,2.11,16.2,65.0,14246,1427.9,4.5
14.2,8910000.0,17.92,11300000.0,2.02,16.7,72.8,17825,1613.8,6.0
14.2,8910000.0,18.08,11500000.0,2.11,16.2,65.0,14246,1427.9,4.5
14.2,8910000.0,18.08,11500000.0,2.02,16.7,72.8,17825,1613.8,6.0
15.4,14900000.0,19.84,17300000.0,2.02,16.2,65.0,14246,1427.9,4.5
15.4,14900000.0,19.84,17300000.0,2.2,16.7,72.8,17825,1613.8,6.0
15.4,14900000.0,20.64,20300000.0,2.02,16.2,65.0,14246,1427.9,4.5
15.4,14900000.0,20.64,20300000.0,2.2,16.7,72.8,17825,1613.8,6.0
16.7,4750000.0,16.24,4330000.0,2.34,16.2,65.0,14246,1427.9,4.5
16.7,4750000.0,16.24,4330000.0,2.14,16.7,72.8,17825,1613.8,6.0
16.7,4750000.0,16.72,4750000.0,2.34,16.2,65.0,14246,1427.9,4.5
16.7,4750000.0,16.72,4750000.0,2.14,16.7,72.8,17825,1613.8,6.0
18.0,7510000.0,16.4,6780000.0,2.33,16.2,65.0,14246,1427.9,4.5
18.0,7510000.0,16.4,6780000.0,2.28,16.7,72.8,17825,1613.8,6.0
18.0,7510000.0,18.0,7510000.0,2.33,16.2,65.0,14246,1427.9,4.5
18.0,7510000.0,18.0,7510000.0,2.28,16.7,72.8,17825,1613.8,6.0
18.1,11500000.0,17.92,11300000.0,2.11,16.2,65.0,14246,1427.9,4.5
18.1,11500000.0,17.92,11300000.0,2.02,16.7,72.8,17825,1613.8,6.0
18.1,11500000.0,18.08,11500000.0,2.11,16.2,65.0,14246,1427.9,4.5
18.1,11500000.0,18.08,11500000.0,2.02,16.7,72.8,17825,1613.8,6.0
20.6,20300000.0,19.84,17300000.0,2.02,16.2,65.0,14246,1427.9,4.5
20.6,20300000.0,19.84,17300000.0,2.2,16.7,72.8,17825,1613.8,6.0
20.6,20300000.0,20.64,20300000.0,2.02,16.2,65.0,14246,1427.9,4.5
20.6,20300000.0,20.64,20300000.0,2.2,16.7,72.8,17825,1613.8,6.0
35.2,68300000.0,30.48,51100000.0,2.14,16.2,65.0,14246,1427.9,4.5
35.2,68300000.0,30.48,51100000.0,2.02,16.7,72.8,17825,1613.8,6.0
35.2,68300000.0,35.2,68300000.0,2.14,16.2,65.0,14246,1427.9,4.5
35.2,68300000.0,35.2,68300000.0,2.02,16.7,72.8,17825,1613.8,6.0
46.3,95700000.0,37.36,68300000.0,1.97,16.2,65.0,14246,1427.9,4.5
46.3,95700000.0,37.36,68300000.0,1.58,16.7,72.8,17825,1613.8,6.0
46.3,95700000.0,37.36,68300000.0,2.16,14.1,69.7,14246,2061.0,8.7
46.3,95700000.0,37.36,68300000.0,1.91,18.7,72.1,17825,1697.6,6.9
46.3,95700000.0,46.32,95700000.0,1.97,16.2,65.0,14246,1427.9,4.5
46.3,95700000.0,46.32,95700000.0,1.58,16.7,72.8,17825,1613.8,6.0
46.3,95700000.0,46.32,95700000.0,2.16,14.1,69.7,14246,2061.0,8.7
46.3,95700000.0,46.32,95700000.0,1.91,18.7,72.1,17825,1697.6,6.9
46.3,95700000.0,14.16,6820000.0,1.97,16.2,65.0,14246,1427.9,4.5
46.3,95700000.0,14.16,6820000.0,1.58,16.7,72.8,17825,1613.8,6.0
46.3,95700000.0,14.16,6820000.0,2.16,14.1,69.7,14246,2061.0,8.7
46.3,95700000.0,14.16,6820000.0,1.91,18.7,72.1,17825,1697.6,6.9
46.3,95700000.0,19.04,6240000.0,1.97,16.2,65.0,14246,1427.9,4.5
46.3,95700000.0,19.04,6240000.0,1.58,16.7,72.8,17825,1613.8,6.0
46.3,95700000.0,19.04,6240000.0,2.16,14.1,69.7,14246,2061.0,8.7
46.3,95700000.0,19.04,6240000.0,1.91,18.7,72.1,17825,1697.6,6.9
54.2,114000000.0,44.32,78500000.0,1.58,16.2,65.0,14246,1427.9,4.5
54.2,114000000.0,44.32,78500000.0,1.68,16.7,72.8,17825,1613.8,6.0
54.2,114000000.0,44.32,78500000.0,2.06,14.1,69.7,14246,2061.0,8.7
54.2,114000000.0,44.32,78500000.0,1.94,18.7,72.1,17825,1697.6,6.9
54.2,114000000.0,54.16,114000000.0,1.58,16.2,65.0,14246,1427.9,4.5
54.2,114000000.0,54.16,114000000.0,1.68,16.7,72.8,17825,1613.8,6.0
54.2,114000000.0,54.16,114000000.0,2.06,14.1,69.7,14246,2061.0,8.7
54.2,114000000.0,54.16,114000000.0,1.94,18.7,72.1,17825,1697.6,6.9
54.2,114000000.0,15.2,10700000.0,1.58,16.2,65.0,14246,1427.9,4.5
54.2,114000000.0,15.2,10700000.0,1.68,16.7,72.8,17825,1613.8,6.0
54.2,114000000.0,15.2,10700000.0,2.06,14.1,69.7,14246,2061.0,8.7
54.2,114000000.0,15.2,10700000.0,1.94,18.7,72.1,17825,1697.6,6.9
54.2,114000000.0,19.6,10800000.0,1.58,16.2,65.0,14246,1427.9,4.5
54.2,114000000.0,19.6,10800000.0,1.68,16.7,72.8,17825,1613.8,6.0
54.2,114000000.0,19.6,10800000.0,2.06,14.1,69.7,14246,2061.0,8.7
54.2,114000000.0,19.6,10800000.0,1.94,18.7,72.1,17825,1697.6,6.9
62.2,144000000.0,50.72,67100000.0,1.39,16.2,65.0,14246,1427.9,4.5
62.2,144000000.0,50.72,67100000.0,1.47,16.7,72.8,17825,1613.8,6.0
62.2,144000000.0,50.72,67100000.0,1.85,14.1,69.7,14246,2061.0,8.7
62.2,144000000.0,50.72,67100000.0,2.18,18.7,72.1,17825,1697.6,6.9
62.2,144000000.0,62.24,144000000.0,1.39,16.2,65.0,14246,1427.9,4.5
62.2,144000000.0,62.24,144000000.0,1.47,16.7,72.8,17825,1613.8,6.0
62.2,144000000.0,62.24,144000000.0,1.85,14.1,69.7,14246,2061.0,8.7
62.2,144000000.0,62.24,144000000.0,2.18,18.7,72.1,17825,1697.6,6.9
62.2,144000000.0,17.04,19600000.0,1.39,16.2,65.0,14246,1427.9,4.5
62.2,144000000.0,17.04,19600000.0,1.47,16.7,72.8,17825,1613.8,6.0
62.2,144000000.0,17.04,19600000.0,1.85,14.1,69.7,14246,2061.0,8.7
62.2,144000000.0,17.04,19600000.0,2.18,18.7,72.1,17825,1697.6,6.9
62.2,144000000.0,22.56,20500000.0,1.39,16.2,65.0,14246,1427.9,4.5
62.2,144000000.0,22.56,20500000.0,1.47,16.7,72.8,17825,1613.8,6.0
62.2,144000000.0,22.56,20500000.0,1.85,14.1,69.7,14246,2061.0,8.7
62.2,144000000.0,22.56,20500000.0,2.18,18.7,72.1,17825,1697.6,6.9
69.4,186000000.0,57.2,177000000.0,0.46,16.2,65.0,14246,1427.9,4.5
69.4,186000000.0,57.2,177000000.0,0.7,16.7,72.8,17825,1613.8,6.0
69.4,186000000.0,57.2,177000000.0,1.9,14.1,69.7,14246,2061.0,8.7
69.4,186000000.0,57.2,177000000.0,2.03,18.7,72.1,17825,1697.6,6.9
69.4,186000000.0,69.44,186000000.0,0.46,16.2,65.0,14246,1427.9,4.5
69.4,186000000.0,69.44,186000000.0,0.7,16.7,72.8,17825,1613.8,6.0
69.4,186000000.0,69.44,186000000.0,1.9,14.1,69.7,14246,2061.0,8.7
69.4,186000000.0,69.44,186000000.0,2.03,18.7,72.1,17825,1697.6,6.9
69.4,186000000.0,28.8,69200000.0,0.46,16.2,65.0,14246,1427.9,4.5
69.4,186000000.0,28.8,69200000.0,0.7,16.7,72.8,17825,1613.8,6.0
69.4,186000000.0,28.8,69200000.0,1.9,14.1,69.7,14246,2061.0,8.7
69.4,186000000.0,28.8,69200000.0,2.03,18.7,72.1,17825,1697.6,6.9
69.4,186000000.0,31.36,61800000.0,0.46,16.2,65.0,14246,1427.9,4.5
69.4,186000000.0,31.36,61800000.0,0.7,16.7,72.8,17825,1613.8,6.0
69.4,186000000.0,31.36,61800000.0,1.9,14.1,69.7,14246,2061.0,8.7
69.4,186000000.0,31.36,61800000.0,2.03,18.7,72.1,17825,1697.6,6.9
70.2,174000000.0,62.8,169000000.0,1.04,16.2,65.0,14246,1427.9,4.5
70.2,174000000.0,62.8,169000000.0,0.6,16.7,72.8,17825,1613.8,6.0
70.2,174000000.0,70.16,174000000.0,1.04,16.2,65.0,14246,1427.9,4.5
70.2,174000000.0,70.16,174000000.0,0.6,16.7,72.8,17825,1613.8,6.0
72.8,174000000.0,64.0,178000000.0,0.94,16.2,65.0,14246,1427.9,4.5
72.8,174000000.0,64.0,178000000.0,0.55,16.7,72.8,17825,1613.8,6.0
72.8,174000000.0,72.8,174000000.0,0.94,16.2,65.0,14246,1427.9,4.5
72.8,174000000.0,72.8,174000000.0,0.55,16.7,72.8,17825,1613.8,6.0
14.2,12100000.0,16.0,5750000.0,1.82,16.0,67.0,14246,1393.1,5.6
14.2,12100000.0,16.0,5750000.0,1.62,15.0,68.8,17825,1766.5,7.5
14.2,12100000.0,14.96,6400000.0,1.82,16.0,67.0,14246,1393.1,5.6
14.2,12100000.0,14.96,6400000.0,1.62,15.0,68.8,17825,1766.5,7.5
14.6,5570000.0,16.4,8290000.0,2.32,16.0,67.0,14246,1393.1,5.6
14.6,5570000.0,16.4,8290000.0,1.96,15.0,68.8,17825,1766.5,7.5
14.6,5570000.0,15.28,8750000.0,2.32,16.0,67.0,14246,1393.1,5.6
14.6,5570000.0,15.28,8750000.0,1.96,15.0,68.8,17825,1766.5,7.5
15.0,8880000.0,17.44,13000000.0,2.02,16.0,67.0,14246,1393.1,5.6
15.0,8880000.0,17.44,13000000.0,1.98,15.0,68.8,17825,1766.5,7.5
15.0,8880000.0,16.4,13300000.0,2.02,16.0,67.0,14246,1393.1,5.6
15.0,8880000.0,16.4,13300000.0,1.98,15.0,68.8,17825,1766.5,7.5
16.2,15500000.0,19.2,19100000.0,2.07,16.0,67.0,14246,1393.1,5.6
16.2,15500000.0,19.2,19100000.0,2.14,15.0,68.8,17825,1766.5,7.5
16.2,15500000.0,18.56,21800000.0,2.07,16.0,67.0,14246,1393.1,5.6
16.2,15500000.0,18.56,21800000.0,2.14,15.0,68.8,17825,1766.5,7.5
14.2,12100000.0,16.0,5750000.0,1.82,16.0,67.0,14246,1393.1,5.6
14.2,12100000.0,16.0,5750000.0,1.62,15.0,68.8,17825,1766.5,7.5
14.2,12100000.0,14.96,6400000.0,1.82,16.0,67.0,14246,1393.1,5.6
14.2,12100000.0,14.96,6400000.0,1.62,15.0,68.8,17825,1766.5,7.5
14.6,5570000.0,16.4,8290000.0,2.32,16.0,67.0,14246,1393.1,5.6
14.6,5570000.0,16.4,8290000.0,1.96,15.0,68.8,17825,1766.5,7.5
14.6,5570000.0,15.28,8750000.0,2.32,16.0,67.0,14246,1393.1,5.6
14.6,5570000.0,15.28,8750000.0,1.96,15.0,68.8,17825,1766.5,7.5
15.0,8880000.0,17.44,13000000.0,2.02,16.0,67.0,14246,1393.1,5.6
15.0,8880000.0,17.44,13000000.0,1.98,15.0,68.8,17825,1766.5,7.5
15.0,8880000.0,16.4,13300000.0,2.02,16.0,67.0,14246,1393.1,5.6
15.0,8880000.0,16.4,13300000.0,1.98,15.0,68.8,17825,1766.5,7.5
16.2,15500000.0,19.2,19100000.0,2.07,16.0,67.0,14246,1393.1,5.6
16.2,15500000.0,19.2,19100000.0,2.14,15.0,68.8,17825,1766.5,7.5
16.2,15500000.0,18.56,21800000.0,2.07,16.0,67.0,14246,1393.1,5.6
16.2,15500000.0,18.56,21800000.0,2.14,15.0,68.8,17825,1766.5,7.5
14.6,3370000.0,16.48,2910000.0,2.1,16.6,72.6,17825,1681.4,6.5
14.6,3370000.0,16.64,4540000.0,2.1,16.6,72.6,17825,1681.4,6.5
15.4,5690000.0,16.8,7510000.0,2.09,16.6,72.6,17825,1681.4,6.5
15.4,5690000.0,17.04,7670000.0,2.09,16.6,72.6,17825,1681.4,6.5
16.5,7750000.0,17.84,12000000.0,2.16,16.6,72.6,17825,1681.4,6.5
16.5,7750000.0,17.92,10000000.0,2.16,16.6,72.6,17825,1681.4,6.5
17.9,16400000.0,20.24,19900000.0,2.17,16.6,72.6,17825,1681.4,6.5
17.9,16400000.0,20.08,20200000.0,2.17,16.6,72.6,17825,1681.4,6.5
14.6,3370000.0,16.48,2910000.0,2.1,16.6,72.6,17825,1681.4,6.5
14.6,3370000.0,16.64,4540000.0,2.1,16.6,72.6,17825,1681.4,6.5
15.4,5690000.0,16.8,7510000.0,2.09,16.6,72.6,17825,1681.4,6.5
15.4,5690000.0,17.04,7670000.0,2.09,16.6,72.6,17825,1681.4,6.5
16.5,7750000.0,17.84,12000000.0,2.16,16.6,72.6,17825,1681.4,6.5
16.5,7750000.0,17.92,10000000.0,2.16,16.6,72.6,17825,1681.4,6.5
17.9,16400000.0,20.24,19900000.0,2.17,16.6,72.6,17825,1681.4,6.5
17.9,16400000.0,20.08,20200000.0,2.17,16.6,72.6,17825,1681.4,6.5
16.5,2910000.0,16.48,2910000.0,2.1,16.6,72.6,17825,1681.4,6.5
16.5,2910000.0,16.64,4540000.0,2.1,16.6,72.6,17825,1681.4,6.5
16.8,7510000.0,16.8,7510000.0,2.09,16.6,72.6,17825,1681.4,6.5
16.8,7510000.0,17.04,7670000.0,2.09,16.6,72.6,17825,1681.4,6.5
17.8,12000000.0,17.84,12000000.0,2.16,16.6,72.6,17825,1681.4,6.5
17.8,12000000.0,17.92,10000000.0,2.16,16.6,72.6,17825,1681.4,6.5
20.2,19900000.0,20.24,19900000.0,2.17,16.6,72.6,17825,1681.4,6.5
20.2,19900000.0,20.08,20200000.0,2.17,16.6,72.6,17825,1681.4,6.5
35.6,67500000.0,35.6,67500000.0,1.07,16.6,72.6,17825,1681.4,6.5
35.6,67500000.0,32.48,60400000.0,1.07,16.6,72.6,17825,1681.4,6.5
43.0,85300000.0,42.96,85300000.0,2.0,16.6,72.6,17825,1681.4,6.5
43.0,85300000.0,42.96,85300000.0,1.81,17.0,65.3,14246,1683.1,7.8
43.0,85300000.0,42.96,85300000.0,0.92,17.1,81.6,17825,1563.0,8.1
43.0,85300000.0,39.52,81100000.0,2.0,16.6,72.6,17825,1681.4,6.5
43.0,85300000.0,39.52,81100000.0,1.81,17.0,65.3,14246,1683.1,7.8
43.0,85300000.0,39.52,81100000.0,0.92,17.1,81.6,17825,1563.0,8.1
43.0,85300000.0,17.2,6060000.0,2.0,16.6,72.6,17825,1681.4,6.5
43.0,85300000.0,17.2,6060000.0,1.81,17.0,65.3,14246,1683.1,7.8
43.0,85300000.0,17.2,6060000.0,0.92,17.1,81.6,17825,1563.0,8.1
43.0,85300000.0,17.04,5640000.0,2.0,16.6,72.6,17825,1681.4,6.5
43.0,85300000.0,17.04,5640000.0,1.81,17.0,65.3,14246,1683.1,7.8
43.0,85300000.0,17.04,5640000.0,0.92,17.1,81.6,17825,1563.0,8.1
55.1,101000000.0,55.12,101000000.0,1.54,16.6,72.6,17825,1681.4,6.5
55.1,101000000.0,55.12,101000000.0,1.8,17.0,65.3,14246,1683.1,7.8
55.1,101000000.0,55.12,101000000.0,1.84,17.1,81.6,17825,1563.0,8.1
55.1,101000000.0,48.4,97900000.0,1.54,16.6,72.6,17825,1681.4,6.5
55.1,101000000.0,48.4,97900000.0,1.8,17.0,65.3,14246,1683.1,7.8
55.1,101000000.0,48.4,97900000.0,1.84,17.1,81.6,17825,1563.0,8.1
55.1,101000000.0,18.08,8990000.0,1.54,16.6,72.6,17825,1681.4,6.5
55.1,101000000.0,18.08,8990000.0,1.8,17.0,65.3,14246,1683.1,7.8
55.1,101000000.0,18.08,8990000.0,1.84,17.1,81.6,17825,1563.0,8.1
55.1,101000000.0,18.16,9280000.0,1.54,16.6,72.6,17825,1681.4,6.5
55.1,101000000.0,18.16,9280000.0,1.8,17.0,65.3,14246,1683.1,7.8
55.1,101000000.0,18.16,9280000.0,1.84,17.1,81.6,17825,1563.0,8.1
62.6,120000000.0,62.56,120000000.0,1.54,16.6,72.6,17825,1681.4,6.5
62.6,120000000.0,62.56,120000000.0,1.99,17.0,65.3,14246,1683.1,7.8
62.6,120000000.0,62.56,120000000.0,1.96,17.1,81.6,17825,1563.0,8.1
62.6,120000000.0,56.8,107000000.0,1.54,16.6,72.6,17825,1681.4,6.5
62.6,120000000.0,56.8,107000000.0,1.99,17.0,65.3,14246,1683.1,7.8
62.6,120000000.0,56.8,107000000.0,1.96,17.1,81.6,17825,1563.0,8.1
62.6,120000000.0,20.88,149000000.0,1.54,16.6,72.6,17825,1681.4,6.5
62.6,120000000.0,20.88,149000000.0,1.99,17.0,65.3,14246,1683.1,7.8
62.6,120000000.0,20.88,149000000.0,1.96,17.1,81.6,17825,1563.0,8.1
62.6,120000000.0,20.08,9250000.0,1.54,16.6,72.6,17825,1681.4,6.5
62.6,120000000.0,20.08,9250000.0,1.99,17.0,65.3,14246,1683.1,7.8
62.6,120000000.0,20.08,9250000.0,1.96,17.1,81.6,17825,1563.0,8.1
73.0,185000000.0,73.04,185000000.0,0.87,16.6,72.6,17825,1681.4,6.5
73.0,185000000.0,67.28,160000000.0,0.87,16.6,72.6,17825,1681.4,6.5
74.4,219000000.0,74.4,219000000.0,0.63,16.6,72.6,17825,1681.4,6.5
74.4,219000000.0,70.72,195000000.0,0.63,16.6,72.6,17825,1681.4,6.5
72.9,189000000.0,72.88,189000000.0,0.61,16.6,72.6,17825,1681.4,6.5
72.9,189000000.0,72.64,168000000.0,0.61,16.6,72.6,17825,1681.4,6.5
18.7,7310000.0,18.72,7310000.0,2.06,18.7,81.6,14246,1699.7,6.9
18.7,7310000.0,18.72,7310000.0,2.06,27.0,73.2,17825,1786.2,5.9
18.7,7310000.0,18.64,7590000.0,2.06,18.7,81.6,14246,1699.7,6.9
18.7,7310000.0,18.64,7590000.0,2.06,27.0,73.2,17825,1786.2,5.9
19.2,10000000.0,19.2,10000000.0,1.99,18.7,81.6,14246,1699.7,6.9
19.2,10000000.0,19.2,10000000.0,1.95,27.0,73.2,17825,1786.2,5.9
19.2,10000000.0,18.16,10500000.0,1.99,18.7,81.6,14246,1699.7,6.9
19.2,10000000.0,18.16,10500000.0,1.95,27.0,73.2,17825,1786.2,5.9
20.8,14300000.0,20.8,14300000.0,2.18,18.7,81.6,14246,1699.7,6.9
20.8,14300000.0,20.8,14300000.0,2.18,27.0,73.2,17825,1786.2,5.9
20.8,14300000.0,20.4,16400000.0,2.18,18.7,81.6,14246,1699.7,6.9
20.8,14300000.0,20.4,16400000.0,2.18,27.0,73.2,17825,1786.2,5.9
22.5,25200000.0,22.48,25200000.0,2.07,18.7,81.6,14246,1699.7,6.9
22.5,25200000.0,22.48,25200000.0,2.14,27.0,73.2,17825,1786.2,5.9
22.5,25200000.0,21.92,20100000.0,2.07,18.7,81.6,14246,1699.7,6.9
22.5,25200000.0,21.92,20100000.0,2.14,27.0,73.2,17825,1786.2,5.9
38.0,48500000.0,38.0,48500000.0,1.94,18.7,81.6,14246,1699.7,6.9
38.0,48500000.0,38.0,48500000.0,2.05,27.0,73.2,17825,1786.2,5.9
38.0,48500000.0,38.0,48500000.0,1.98,15.0,71.8,14246,1688.2,7.1
38.0,48500000.0,38.0,48500000.0,2.03,17.8,73.4,17825,1967.8,7.3
38.0,48500000.0,33.44,53000000.0,1.94,18.7,81.6,14246,1699.7,6.9
38.0,48500000.0,33.44,53000000.0,2.05,27.0,73.2,17825,1786.2,5.9
38.0,48500000.0,33.44,53000000.0,1.98,15.0,71.8,14246,1688.2,7.1
38.0,48500000.0,33.44,53000000.0,2.03,17.8,73.4,17825,1967.8,7.3
38.0,48500000.0,15.04,4670000.0,1.94,18.7,81.6,14246,1699.7,6.9
38.0,48500000.0,15.04,4670000.0,2.05,27.0,73.2,17825,1786.2,5.9
38.0,48500000.0,15.04,4670000.0,1.98,15.0,71.8,14246,1688.2,7.1
38.0,48500000.0,15.04,4670000.0,2.03,17.8,73.4,17825,1967.8,7.3
38.0,48500000.0,17.84,5090000.0,1.94,18.7,81.6,14246,1699.7,6.9
38.0,48500000.0,17.84,5090000.0,2.05,27.0,73.2,17825,1786.2,5.9
38.0,48500000.0,17.84,5090000.0,1.98,15.0,71.8,14246,1688.2,7.1
38.0,48500000.0,17.84,5090000.0,2.03,17.8,73.4,17825,1967.8,7.3
47.9,104000000.0,47.92,104000000.0,1.72,18.7,81.6,14246,1699.7,6.9
47.9,104000000.0,47.92,104000000.0,1.72,27.0,73.2,17825,1786.2,5.9
47.9,104000000.0,47.92,104000000.0,2.06,15.0,71.8,14246,1688.2,7.1
47.9,104000000.0,47.92,104000000.0,2.07,17.8,73.4,17825,1967.8,7.3
47.9,104000000.0,42.08,101000000.0,1.72,18.7,81.6,14246,1699.7,6.9
47.9,104000000.0,42.08,101000000.0,1.72,27.0,73.2,17825,1786.2,5.9
47.9,104000000.0,42.08,101000000.0,2.06,15.0,71.8,14246,1688.2,7.1
47.9,104000000.0,42.08,101000000.0,2.07,17.8,73.4,17825,1967.8,7.3
47.9,104000000.0,15.68,4670000.0,1.72,18.7,81.6,14246,1699.7,6.9
47.9,104000000.0,15.68,4670000.0,1.72,27.0,73.2,17825,1786.2,5.9
47.9,104000000.0,15.68,4670000.0,2.06,15.0,71.8,14246,1688.2,7.1
47.9,104000000.0,15.68,4670000.0,2.07,17.8,73.4,17825,1967.8,7.3
47.9,104000000.0,18.4,4790000.0,1.72,18.7,81.6,14246,1699.7,6.9
47.9,104000000.0,18.4,4790000.0,1.72,27.0,73.2,17825,1786.2,5.9
47.9,104000000.0,18.4,4790000.0,2.06,15.0,71.8,14246,1688.2,7.1
47.9,104000000.0,18.4,4790000.0,2.07,17.8,73.4,17825,1967.8,7.3
57.4,98900000.0,57.36,98900000.0,1.53,18.7,81.6,14246,1699.7,6.9
57.4,98900000.0,57.36,98900000.0,1.56,27.0,73.2,17825,1786.2,5.9
57.4,98900000.0,57.36,98900000.0,2.14,15.0,71.8,14246,1688.2,7.1
57.4,98900000.0,57.36,98900000.0,1.95,17.8,73.4,17825,1967.8,7.3
57.4,98900000.0,49.76,82400000.0,1.53,18.7,81.6,14246,1699.7,6.9
57.4,98900000.0,49.76,82400000.0,1.56,27.0,73.2,17825,1786.2,5.9
57.4,98900000.0,49.76,82400000.0,2.14,15.0,71.8,14246,1688.2,7.1
57.4,98900000.0,49.76,82400000.0,1.95,17.8,73.4,17825,1967.8,7.3
57.4,98900000.0,16.88,11500000.0,1.53,18.7,81.6,14246,1699.7,6.9
57.4,98900000.0,16.88,11500000.0,1.56,27.0,73.2,17825,1786.2,5.9
57.4,98900000.0,16.88,11500000.0,2.14,15.0,71.8,14246,1688.2,7.1
57.4,98900000.0,16.88,11500000.0,1.95,17.8,73.4,17825,1967.8,7.3
57.4,98900000.0,19.52,12900000.0,1.53,18.7,81.6,14246,1699.7,6.9
57.4,98900000.0,19.52,12900000.0,1.56,27.0,73.2,17825,1786.2,5.9
57.4,98900000.0,19.52,12900000.0,2.14,15.0,71.8,14246,1688.2,7.1
57.4,98900000.0,19.52,12900000.0,1.95,17.8,73.4,17825,1967.8,7.3
67.6,92300000.0,67.6,92300000.0,1.18,18.7,81.6,14246,1699.7,6.9
67.6,92300000.0,67.6,92300000.0,1.42,27.0,73.2,17825,1786.2,5.9
67.6,92300000.0,67.6,92300000.0,1.98,15.0,71.8,14246,1688.2,7.1
67.6,92300000.0,67.6,92300000.0,1.87,17.8,73.4,17825,1967.8,7.3
67.6,92300000.0,60.96,101000000.0,1.18,18.7,81.6,14246,1699.7,6.9
67.6,92300000.0,60.96,101000000.0,1.42,27.0,73.2,17825,1786.2,5.9
67.6,92300000.0,60.96,101000000.0,1.98,15.0,71.8,14246,1688.2,7.1
67.6,92300000.0,60.96,101000000.0,1.87,17.8,73.4,17825,1967.8,7.3
67.6,92300000.0,18.56,18500000.0,1.18,18.7,81.6,14246,1699.7,6.9
67.6,92300000.0,18.56,18500000.0,1.42,27.0,73.2,17825,1786.2,5.9
67.6,92300000.0,18.56,18500000.0,1.98,15.0,71.8,14246,1688.2,7.1
67.6,92300000.0,18.56,18500000.0,1.87,17.8,73.4,17825,1967.8,7.3
67.6,92300000.0,21.2,22500000.0,1.18,18.7,81.6,14246,1699.7,6.9
67.6,92300000.0,21.2,22500000.0,1.42,27.0,73.2,17825,1786.2,5.9
67.6,92300000.0,21.2,22500000.0,1.98,15.0,71.8,14246,1688.2,7.1
67.6,92300000.0,21.2,22500000.0,1.87,17.8,73.4,17825,1967.8,7.3
78.0,155000000.0,78.0,155000000.0,0.6,18.7,81.6,14246,1699.7,6.9
78.0,155000000.0,78.0,155000000.0,0.87,27.0,73.2,17825,1786.2,5.9
78.0,155000000.0,71.68,148000000.0,0.6,18.7,81.6,14246,1699.7,6.9
78.0,155000000.0,71.68,148000000.0,0.87,27.0,73.2,17825,1786.2,5.9
81.6,206000000.0,81.6,206000000.0,0.47,18.7,81.6,14246,1699.7,6.9
81.6,206000000.0,81.6,206000000.0,0.74,27.0,73.2,17825,1786.2,5.9
81.6,206000000.0,73.6,173000000.0,0.47,18.7,81.6,14246,1699.7,6.9
81.6,206000000.0,73.6,173000000.0,0.74,27.0,73.2,17825,1786.2,5.9
89.6,91200000.0,89.6,91200000.0,0.38,18.7,81.6,14246,1699.7,6.9
15.9,4470000.0,16.96,5420000.0,1.98,17.6,68.3,14246,1790.2,5.9
15.9,4470000.0,17.6,4860000.0,1.98,17.6,68.3,14246,1790.2,5.9
16.2,9150000.0,18.16,69400000.0,1.97,17.6,68.3,14246,1790.2,5.9
16.2,9150000.0,18.48,8250000.0,1.97,17.6,68.3,14246,1790.2,5.9
17.5,12400000.0,18.88,9870000.0,2.02,17.6,68.3,14246,1790.2,5.9
17.5,12400000.0,18.96,9410000.0,2.02,17.6,68.3,14246,1790.2,5.9
17.4,28500000.0,19.6,13500000.0,2.05,17.6,68.3,14246,1790.2,5.9
17.4,28500000.0,19.84,16100000.0,2.05,17.6,68.3,14246,1790.2,5.9
15.9,4470000.0,16.96,5420000.0,1.98,17.6,68.3,14246,1790.2,5.9
15.9,4470000.0,17.6,4860000.0,1.98,17.6,68.3,14246,1790.2,5.9
16.2,9150000.0,18.16,69400000.0,1.97,17.6,68.3,14246,1790.2,5.9
16.2,9150000.0,18.48,8250000.0,1.97,17.6,68.3,14246,1790.2,5.9
17.5,12400000.0,18.88,9870000.0,2.02,17.6,68.3,14246,1790.2,5.9
17.5,12400000.0,18.96,9410000.0,2.02,17.6,68.3,14246,1790.2,5.9
17.4,28500000.0,19.6,13500000.0,2.05,17.6,68.3,14246,1790.2,5.9
17.4,28500000.0,19.84,16100000.0,2.05,17.6,68.3,14246,1790.2,5.9
14.2,4830000.0,18.08,6870000.0,1.74,18.1,60.7,14246,1793.1,5.8
15.7,8630000.0,18.16,11700000.0,1.94,18.1,60.7,14246,1793.1,5.8
16.0,12900000.0,19.2,15500000.0,1.91,18.1,60.7,14246,1793.1,5.8
16.5,18900000.0,19.36,27400000.0,2.1,18.1,60.7,14246,1793.1,5.8
14.2,4830000.0,18.08,6870000.0,1.74,18.1,60.7,14246,1793.1,5.8
15.7,8630000.0,18.16,11700000.0,1.94,18.1,60.7,14246,1793.1,5.8
16.0,12900000.0,19.2,15500000.0,1.91,18.1,60.7,14246,1793.1,5.8
16.5,18900000.0,19.36,27400000.0,2.1,18.1,60.7,14246,1793.1,5.8
14.8,8020000.0,18.64,10900000.0,2.216,18.0,73.2,17825,1470.5,5.2
15.8,11000000.0,20.32,11100000.0,1.568,18.0,73.2,17825,1470.5,5.2
16.6,20900000.0,20.24,20400000.0,2.032,26.2,71.0,14246,2151.5,9.1
16.6,20900000.0,20.24,20400000.0,2.048,18.0,73.2,17825,1470.5,5.2
16.6,20900000.0,21.2,22800000.0,2.032,26.2,71.0,14246,2151.5,9.1
16.6,20900000.0,21.2,22800000.0,2.048,18.0,73.2,17825,1470.5,5.2
14.8,8020000.0,18.64,10900000.0,2.216,18.0,73.2,17825,1470.5,5.2
15.8,11000000.0,20.32,11100000.0,1.568,18.0,73.2,17825,1470.5,5.2
16.6,20900000.0,20.24,20400000.0,2.032,26.2,71.0,14246,2151.5,9.1
16.6,20900000.0,20.24,20400000.0,2.048,18.0,73.2,17825,1470.5,5.2
16.6,20900000.0,21.2,22800000.0,2.032,26.2,71.0,14246,2151.5,9.1
16.6,20900000.0,21.2,22800000.0,2.048,18.0,73.2,17825,1470.5,5.2
15.4,3520000.0,16.32,5660000.0,2.096,16.3,64.8,14246,1662.9,4.5
15.4,3520000.0,16.32,5660000.0,2.048,16.2,64.2,17825,1533.0,4.2
15.4,3520000.0,16.16,5310000.0,2.096,16.3,64.8,14246,1662.9,4.5
15.4,3520000.0,16.16,5310000.0,2.048,16.2,64.2,17825,1533.0,4.2
15.4,3520000.0,16.32,5660000.0,2.096,16.3,64.8,14246,1662.9,4.5
15.4,3520000.0,16.32,5660000.0,2.048,16.2,64.2,17825,1533.0,4.2
15.4,3520000.0,16.16,5310000.0,2.096,16.3,64.8,14246,1662.9,4.5
15.4,3520000.0,16.16,5310000.0,2.048,16.2,64.2,17825,1533.0,4.2
15.0,5460000.0,16.88,6220000.0,1.936,16.3,64.8,14246,1662.9,4.5
15.0,5460000.0,16.88,6220000.0,1.712,16.2,64.2,17825,1533.0,4.2
15.0,5460000.0,17.12,15500000.0,1.936,16.3,64.8,14246,1662.9,4.5
15.0,5460000.0,17.12,15500000.0,1.712,16.2,64.2,17825,1533.0,4.2
15.6,9520000.0,17.68,11200000.0,1.944,16.3,64.8,14246,1662.9,4.5
15.6,9520000.0,17.68,11200000.0,1.76,16.2,64.2,17825,1533.0,4.2
15.6,9520000.0,17.92,15000000.0,1.944,16.3,64.8,14246,1662.9,4.5
15.6,9520000.0,17.92,15000000.0,1.76,16.2,64.2,17825,1533.0,4.2
16.5,22800000.0,19.68,26800000.0,1.768,16.3,64.8,14246,1662.9,4.5
16.5,22800000.0,19.68,26800000.0,1.808,16.2,64.2,17825,1533.0,4.2
16.5,22800000.0,18.56,26700000.0,1.768,16.3,64.8,14246,1662.9,4.5
16.5,22800000.0,18.56,26700000.0,1.808,16.2,64.2,17825,1533.0,4.2
26.5,76300000.0,32.32,56400000.0,1.576,16.3,64.8,14246,1662.9,4.5
26.5,76300000.0,32.32,56400000.0,1.72,16.2,64.2,17825,1533.0,4.2
26.5,76300000.0,31.52,48600000.0,1.576,16.3,64.8,14246,1662.9,4.5
26.5,76300000.0,31.52,48600000.0,1.72,16.2,64.2,17825,1533.0,4.2
15.0,5460000.0,16.88,6220000.0,1.936,16.3,64.8,14246,1662.9,4.5
15.0,5460000.0,16.88,6220000.0,1.712,16.2,64.2,17825,1533.0,4.2
15.0,5460000.0,17.12,15500000.0,1.936,16.3,64.8,14246,1662.9,4.5
15.0,5460000.0,17.12,15500000.0,1.712,16.2,64.2,17825,1533.0,4.2
15.6,9520000.0,17.68,11200000.0,1.944,16.3,64.8,14246,1662.9,4.5
15.6,9520000.0,17.68,11200000.0,1.76,16.2,64.2,17825,1533.0,4.2
15.6,9520000.0,17.92,15000000.0,1.944,16.3,64.8,14246,1662.9,4.5
15.6,9520000.0,17.92,15000000.0,1.76,16.2,64.2,17825,1533.0,4.2
16.5,22800000.0,19.68,26800000.0,1.768,16.3,64.8,14246,1662.9,4.5
16.5,22800000.0,19.68,26800000.0,1.808,16.2,64.2,17825,1533.0,4.2
16.5,22800000.0,18.56,26700000.0,1.768,16.3,64.8,14246,1662.9,4.5
16.5,22800000.0,18.56,26700000.0,1.808,16.2,64.2,17825,1533.0,4.2
26.5,76300000.0,32.32,56400000.0,1.576,16.3,64.8,14246,1662.9,4.5
26.5,76300000.0,32.32,56400000.0,1.72,16.2,64.2,17825,1533.0,4.2
26.5,76300000.0,31.52,48600000.0,1.576,16.3,64.8,14246,1662.9,4.5
26.5,76300000.0,31.52,48600000.0,1.72,16.2,64.2,17825,1533.0,4.2
16.2,6840000.0,18.8,7330000.0,1.872,18.3,63.0,17825,1710.4,5.4
16.2,6840000.0,18.8,7330000.0,1.992,17.7,60.1,12912,1265.0,5.4
16.2,6840000.0,17.76,7120000.0,1.872,18.3,63.0,17825,1710.4,5.4
16.2,6840000.0,17.76,7120000.0,1.992,17.7,60.1,12912,1265.0,5.4
17.4,6750000.0,20.64,7030000.0,1.888,18.3,63.0,17825,1710.4,5.4
17.4,6750000.0,20.64,7030000.0,2.04,17.7,60.1,12912,1265.0,5.4
17.4,6750000.0,18.88,14500000.0,1.888,18.3,63.0,17825,1710.4,5.4
17.4,6750000.0,18.88,14500000.0,2.04,17.7,60.1,12912,1265.0,5.4
17.9,19000000.0,22.0,23200000.0,,18.3,63.0,17825,1710.4,5.4
17.9,19000000.0,22.0,23200000.0,2.008,17.7,60.1,12912,1265.0,5.4
17.9,19000000.0,20.08,16100000.0,,18.3,63.0,17825,1710.4,5.4
17.9,19000000.0,20.08,16100000.0,2.008,17.7,60.1,12912,1265.0,5.4
16.2,6840000.0,18.8,7330000.0,1.872,18.3,63.0,17825,1710.4,5.4
16.2,6840000.0,18.8,7330000.0,1.992,17.7,60.1,12912,1265.0,5.4
16.2,6840000.0,17.76,7120000.0,1.872,18.3,63.0,17825,1710.4,5.4
16.2,6840000.0,17.76,7120000.0,1.992,17.7,60.1,12912,1265.0,5.4
17.4,6750000.0,20.64,7030000.0,1.888,18.3,63.0,17825,1710.4,5.4
17.4,6750000.0,20.64,7030000.0,2.04,17.7,60.1,12912,1265.0,5.4
17.4,6750000.0,18.88,14500000.0,1.888,18.3,63.0,17825,1710.4,5.4
17.4,6750000.0,18.88,14500000.0,2.04,17.7,60.1,12912,1265.0,5.4
17.9,19000000.0,22.0,23200000.0,,18.3,63.0,17825,1710.4,5.4
17.9,19000000.0,22.0,23200000.0,2.008,17.7,60.1,12912,1265.0,5.4
17.9,19000000.0,20.08,16100000.0,,18.3,63.0,17825,1710.4,5.4
17.9,19000000.0,20.08,16100000.0,2.008,17.7,60.1,12912,1265.0,5.4
21.0,50500000.0,34.56,72600000.0,,19.4,75.6,12912,1784.7,5.3
21.0,50500000.0,34.56,72600000.0,,18.5,78.5,14246,969.9,3.8
21.0,50500000.0,32.08,72700000.0,,19.4,75.6,12912,1784.7,5.3
21.0,50500000.0,32.08,72700000.0,,18.5,78.5,14246,969.9,3.8
25.8,84300000.0,40.48,92300000.0,,19.4,75.6,12912,1784.7,5.3
25.8,84300000.0,40.48,92300000.0,,18.5,78.5,14246,969.9,3.8
25.8,84300000.0,39.44,89300000.0,,19.4,75.6,12912,1784.7,5.3
25.8,84300000.0,39.44,89300000.0,,18.5,78.5,14246,969.9,3.8
21.0,50500000.0,34.56,72600000.0,,19.4,75.6,12912,1784.7,5.3
21.0,50500000.0,34.56,72600000.0,,18.5,78.5,14246,969.9,3.8
21.0,50500000.0,32.08,72700000.0,,19.4,75.6,12912,1784.7,5.3
21.0,50500000.0,32.08,72700000.0,,18.5,78.5,14246,969.9,3.8
25.8,84300000.0,40.48,92300000.0,,19.4,75.6,12912,1784.7,5.3
25.8,84300000.0,40.48,92300000.0,,18.5,78.5,14246,969.9,3.8
25.8,84300000.0,39.44,89300000.0,,19.4,75.6,12912,1784.7,5.3
25.8,84300000.0,39.44,89300000.0,,18.5,78.5,14246,969.9,3.8
32.6,167000000.0,16.56,10400000.0,1.664,16.5,71.2,12912,1460.4,5.0
32.6,167000000.0,16.56,10400000.0,1.664,16.5,71.2,12912,1460.4,5.0
18.1,25100000.0,29.44,81300000.0,1.6,16.5,71.2,12912,1460.4,5.0
18.1,25100000.0,29.44,81300000.0,1.656,16.2,57.0,14246,526.4,4.2
18.1,25100000.0,20.64,38000000.0,1.6,16.5,71.2,12912,1460.4,5.0
18.1,25100000.0,20.64,38000000.0,1.656,16.2,57.0,14246,526.4,4.2
20.2,42900000.0,36.96,106000000.0,1.448,16.5,71.2,12912,1460.4,5.0
20.2,42900000.0,36.96,106000000.0,1.672,16.2,57.0,14246,526.4,4.2
20.2,42900000.0,25.04,53800000.0,1.448,16.5,71.2,12912,1460.4,5.0
20.2,42900000.0,25.04,53800000.0,1.672,16.2,57.0,14246,526.4,4.2
18.1,25100000.0,29.44,81300000.0,1.6,16.5,71.2,12912,1460.4,5.0
18.1,25100000.0,29.44,81300000.0,1.656,16.2,57.0,14246,526.4,4.2
18.1,25100000.0,20.64,38000000.0,1.6,16.5,71.2,12912,1460.4,5.0
18.1,25100000.0,20.64,38000000.0,1.656,16.2,57.0,14246,526.4,4.2
20.2,42900000.0,36.96,106000000.0,1.448,16.5,71.2,12912,1460.4,5.0
20.2,42900000.0,36.96,106000000.0,1.672,16.2,57.0,14246,526.4,4.2
20.2,42900000.0,25.04,53800000.0,1.448,16.5,71.2,12912,1460.4,5.0
20.2,42900000.0,25.04,53800000.0,1.672,16.2,57.0,14246,526.4,4.2
14.3,10900000.0,19.2,8060000.0,2.264,18.3,70.2,14246,1385.6,4.2
17.8,60900000.0,24.4,31300000.0,2.072,18.3,70.2,14246,1385.6,4.2
14.3,10900000.0,19.2,8060000.0,2.264,18.3,70.2,14246,1385.6,4.2
17.8,60900000.0,24.4,31300000.0,2.072,18.3,70.2,14246,1385.6,4.2
